observed_at	temp_c	humidity_pct	dewpoint_c	pressure_hPa	wind_speed_mps	wind_gust_mps	wind_dir_deg	uv_index	solar_radiation_wm2	rain_hourly_mm	rain_hourly_in	temp_f	dewpoint_f	wind_speed_mph	wind_gust_mph
2026-05-01 00:00	23.722	26.0	7.689	1001.999	0.702	1.001	137.0	0.0	0.0	0.0	0.0	74.7	45.84	1.57	2.24
2026-05-01 00:01	23.722	26.0	7.689	1001.999	0.398	1.001	131.0	0.0	0.0	0.0	0.0	74.7	45.84	0.89	2.24
2026-05-01 00:02	23.611	27.0	8.006	1001.897	0.3	0.501	196.0	0.0	0.0	0.0	0.0	74.5	46.41	0.67	1.12
2026-05-01 00:03	23.611	27.0	8.006	1001.999	0.398	0.501	210.0	0.0	0.0	0.0	0.0	74.5	46.41	0.89	1.12
2026-05-01 00:04	23.611	27.0	8.006	1001.897	1.001	1.502	193.0	0.0	0.0	0.0	0.0	74.5	46.41	2.24	3.36
2026-05-01 00:05	23.5	27.0	7.911	1001.999	0.8	1.502	204.0	0.0	0.0	0.0	0.0	74.3	46.24	1.79	3.36
2026-05-01 00:06	23.5	27.0	7.911	1002.202	0.398	0.501	188.0	0.0	0.0	0.0	0.0	74.3	46.24	0.89	1.12
2026-05-01 00:07	23.5	26.0	7.5	1002.202	1.1	2.602	195.0	0.0	0.0	0.0	0.0	74.3	45.5	2.46	5.82
2026-05-01 00:08	23.5	27.0	7.911	1002.202	0.501	0.501	179.0	0.0	0.0	0.0	0.0	74.3	46.24	1.12	1.12
2026-05-01 00:09	23.5	27.0	7.911	1002.202	0.098	0.501	196.0	0.0	0.0	0.0	0.0	74.3	46.24	0.22	1.12
2026-05-01 00:10	23.5	27.0	7.911	1002.304	0.098	0.501	182.0	0.0	0.0	0.0	0.0	74.3	46.24	0.22	1.12
2026-05-01 00:11	23.5	27.0	7.911	1002.304	0.098	0.501	173.0	0.0	0.0	0.0	0.0	74.3	46.24	0.22	1.12
2026-05-01 00:12	23.5	27.0	7.911	1002.304	0.201	0.501	247.0	0.0	0.0	0.0	0.0	74.3	46.24	0.45	1.12
2026-05-01 00:13	23.5	27.0	7.911	1002.405	0.599	1.001	185.0	0.0	0.0	0.0	0.0	74.3	46.24	1.34	2.24
2026-05-01 00:14	23.389	27.0	7.817	1002.202	0.501	0.501	199.0	0.0	0.0	0.0	0.0	74.1	46.07	1.12	1.12
2026-05-01 00:15	23.389	27.0	7.817	1002.507	0.398	1.001	183.0	0.0	0.0	0.0	0.0	74.1	46.07	0.89	2.24
2026-05-01 00:16	23.278	27.0	7.728	1002.405	0.098	0.501	177.0	0.0	0.0	0.0	0.0	73.9	45.91	0.22	1.12
2026-05-01 00:17	23.278	27.0	7.728	1002.405	1.1	1.502	196.0	0.0	0.0	0.0	0.0	73.9	45.91	2.46	3.36
2026-05-01 00:18	23.278	27.0	7.728	1002.405	0.3	0.501	191.0	0.0	0.0	0.0	0.0	73.9	45.91	0.67	1.12
2026-05-01 00:19	23.278	27.0	7.728	1002.507	0.8	1.001	220.0	0.0	0.0	0.0	0.0	73.9	45.91	1.79	2.24
2026-05-01 00:20	23.278	27.0	7.728	1002.405	0.098	0.501	190.0	0.0	0.0	0.0	0.0	73.9	45.91	0.22	1.12
2026-05-01 00:21	23.278	27.0	7.728	1002.507	0.599	1.001	210.0	0.0	0.0	0.0	0.0	73.9	45.91	1.34	2.24
2026-05-01 00:22	23.278	27.0	7.728	1002.71	0.201	0.501	182.0	0.0	0.0	0.0	0.0	73.9	45.91	0.45	1.12
2026-05-01 00:23	23.278	27.0	7.728	1002.71	0.398	0.501	196.0	0.0	0.0	0.0	0.0	73.9	45.91	0.89	1.12
2026-05-01 00:24	23.222	27.0	7.678	1002.608	0.098	0.501	178.0	0.0	0.0	0.0	0.0	73.8	45.82	0.22	1.12
2026-05-01 00:25	23.222	27.0	7.678	1002.405	0.0	0.0	179.0	0.0	0.0	0.0	0.0	73.8	45.82	0.0	0.0
2026-05-01 00:26	23.222	28.0	8.072	1002.71	0.3	0.501	197.0	0.0	0.0	0.0	0.0	73.8	46.53	0.67	1.12
2026-05-01 00:27	23.222	27.0	7.678	1002.71	0.098	0.501	179.0	0.0	0.0	0.0	0.0	73.8	45.82	0.22	1.12
2026-05-01 00:28	23.111	27.0	7.589	1002.608	0.3	0.501	155.0	0.0	0.0	0.0	0.0	73.6	45.66	0.67	1.12
2026-05-01 00:29	23.111	27.0	7.589	1002.812	0.501	1.001	199.0	0.0	0.0	0.0	0.0	73.6	45.66	1.12	2.24
2026-05-01 00:30	23.111	27.0	7.589	1002.71	0.0	0.0	187.0	0.0	0.0	0.0	0.0	73.6	45.66	0.0	0.0
2026-05-01 00:31	23.111	28.0	7.983	1002.71	0.501	0.501	177.0	0.0	0.0	0.0	0.0	73.6	46.37	1.12	1.12
2026-05-01 00:32	23.111	28.0	7.983	1002.71	1.699	1.998	137.0	0.0	0.0	0.0	0.0	73.6	46.37	3.8	4.47
2026-05-01 00:33	23.0	28.0	7.889	1002.812	0.398	0.501	199.0	0.0	0.0	0.0	0.0	73.4	46.2	0.89	1.12
2026-05-01 00:34	23.0	28.0	7.889	1002.71	0.398	1.001	177.0	0.0	0.0	0.0	0.0	73.4	46.2	0.89	2.24
2026-05-01 00:35	23.0	28.0	7.889	1002.812	0.398	0.501	176.0	0.0	0.0	0.0	0.0	73.4	46.2	0.89	1.12
2026-05-01 00:36	23.0	28.0	7.889	1002.812	0.599	1.001	183.0	0.0	0.0	0.0	0.0	73.4	46.2	1.34	2.24
2026-05-01 00:37	23.0	28.0	7.889	1002.913	0.398	0.501	167.0	0.0	0.0	0.0	0.0	73.4	46.2	0.89	1.12
2026-05-01 00:38	23.0	28.0	7.889	1002.913	0.899	1.502	188.0	0.0	0.0	0.0	0.0	73.4	46.2	2.01	3.36
2026-05-01 00:39	22.889	28.0	7.794	1002.913	1.001	1.502	187.0	0.0	0.0	0.0	0.0	73.2	46.03	2.24	3.36
2026-05-01 00:40	22.889	28.0	7.794	1002.913	0.3	0.501	187.0	0.0	0.0	0.0	0.0	73.2	46.03	0.67	1.12
2026-05-01 00:41	22.889	28.0	7.794	1002.913	0.501	1.001	202.0	0.0	0.0	0.0	0.0	73.2	46.03	1.12	2.24
2026-05-01 00:42	22.889	28.0	7.794	1002.812	0.599	1.001	165.0	0.0	0.0	0.0	0.0	73.2	46.03	1.34	2.24
2026-05-01 00:43	22.889	28.0	7.794	1002.71	0.3	0.501	182.0	0.0	0.0	0.0	0.0	73.2	46.03	0.67	1.12
2026-05-01 00:44	22.889	29.0	8.178	1002.913	0.0	0.0	189.0	0.0	0.0	0.0	0.0	73.2	46.72	0.0	0.0
2026-05-01 00:45	22.778	29.0	8.083	1002.812	0.0	0.0	191.0	0.0	0.0	0.0	0.0	73.0	46.55	0.0	0.0
2026-05-01 00:46	22.778	29.0	8.083	1002.913	0.0	0.0	192.0	0.0	0.0	0.0	0.0	73.0	46.55	0.0	0.0
2026-05-01 00:47	22.778	29.0	8.083	1002.812	0.0	0.0	192.0	0.0	0.0	0.0	0.0	73.0	46.55	0.0	0.0
2026-05-01 00:48	22.722	29.0	8.039	1002.71	0.599	1.001	132.0	0.0	0.0	0.0	0.0	72.9	46.47	1.34	2.24
2026-05-01 00:49	22.722	29.0	8.039	1002.913	0.398	0.501	149.0	0.0	0.0	0.0	0.0	72.9	46.47	0.89	1.12
2026-05-01 00:50	22.722	29.0	8.039	1002.913	0.201	0.501	163.0	0.0	0.0	0.0	0.0	72.9	46.47	0.45	1.12
2026-05-01 00:51	22.722	29.0	8.039	1002.812	0.0	0.0	187.0	0.0	0.0	0.0	0.0	72.9	46.47	0.0	0.0
2026-05-01 00:52	22.722	29.0	8.039	1003.015	0.0	0.0	189.0	0.0	0.0	0.0	0.0	72.9	46.47	0.0	0.0
2026-05-01 00:53	22.722	29.0	8.039	1002.71	0.098	0.501	165.0	0.0	0.0	0.0	0.0	72.9	46.47	0.22	1.12
2026-05-01 00:54	22.722	29.0	8.039	1002.913	0.201	0.501	177.0	0.0	0.0	0.0	0.0	72.9	46.47	0.45	1.12
2026-05-01 00:55	22.722	29.0	8.039	1002.913	0.0	0.0	190.0	0.0	0.0	0.0	0.0	72.9	46.47	0.0	0.0
2026-05-01 00:56	22.611	29.0	7.944	1002.812	0.0	0.0	187.0	0.0	0.0	0.0	0.0	72.7	46.3	0.0	0.0
2026-05-01 00:57	22.611	29.0	7.944	1002.812	0.0	0.0	190.0	0.0	0.0	0.0	0.0	72.7	46.3	0.0	0.0
2026-05-01 00:58	22.611	29.0	7.944	1002.812	0.0	0.0	190.0	0.0	0.0	0.0	0.0	72.7	46.3	0.0	0.0
2026-05-01 00:59	22.611	29.0	7.944	1002.71	0.0	0.0	184.0	0.0	0.0	0.0	0.0	72.7	46.3	0.0	0.0
2026-05-01 01:00	22.611	29.0	7.944	1002.913	0.098	0.501	183.0	0.0	0.0	0.0	0.0	72.7	46.3	0.22	1.12
2026-05-01 01:01	22.611	29.0	7.944	1002.71	0.0	0.0	188.0	0.0	0.0	0.0	0.0	72.7	46.3	0.0	0.0
2026-05-01 01:02	22.611	30.0	8.311	1002.71	0.098	0.501	199.0	0.0	0.0	0.0	0.0	72.7	46.96	0.22	1.12
2026-05-01 01:03	22.5	29.0	7.85	1003.015	0.398	0.501	198.0	0.0	0.0	0.0	0.0	72.5	46.13	0.89	1.12
2026-05-01 01:04	22.5	30.0	8.222	1002.812	0.098	0.501	183.0	0.0	0.0	0.0	0.0	72.5	46.8	0.22	1.12
2026-05-01 01:05	22.5	30.0	8.222	1002.812	0.201	0.501	194.0	0.0	0.0	0.0	0.0	72.5	46.8	0.45	1.12
2026-05-01 01:06	22.5	30.0	8.222	1002.71	0.098	0.501	188.0	0.0	0.0	0.0	0.0	72.5	46.8	0.22	1.12
2026-05-01 01:07	22.5	30.0	8.222	1002.812	0.0	0.0	197.0	0.0	0.0	0.0	0.0	72.5	46.8	0.0	0.0
2026-05-01 01:08	22.389	31.0	8.483	1002.71	0.398	0.501	188.0	0.0	0.0	0.0	0.0	72.3	47.27	0.89	1.12
2026-05-01 01:09	22.389	31.0	8.483	1002.913	0.0	0.0	196.0	0.0	0.0	0.0	0.0	72.3	47.27	0.0	0.0
2026-05-01 01:10	22.389	31.0	8.483	1002.913	0.0	0.0	192.0	0.0	0.0	0.0	0.0	72.3	47.27	0.0	0.0
2026-05-01 01:11	22.389	31.0	8.483	1002.71	0.0	0.0	192.0	0.0	0.0	0.0	0.0	72.3	47.27	0.0	0.0
2026-05-01 01:12	22.389	31.0	8.483	1002.812	0.098	0.501	197.0	0.0	0.0	0.0	0.0	72.3	47.27	0.22	1.12
2026-05-01 01:13	22.389	31.0	8.483	1002.608	0.0	0.0	195.0	0.0	0.0	0.0	0.0	72.3	47.27	0.0	0.0
2026-05-01 01:14	22.278	31.0	8.389	1002.812	0.0	0.0	195.0	0.0	0.0	0.0	0.0	72.1	47.1	0.0	0.0
2026-05-01 01:15	22.278	31.0	8.389	1002.71	0.0	0.0	197.0	0.0	0.0	0.0	0.0	72.1	47.1	0.0	0.0
2026-05-01 01:16	22.278	31.0	8.389	1002.913	0.3	0.501	188.0	0.0	0.0	0.0	0.0	72.1	47.1	0.67	1.12
2026-05-01 01:17	22.278	31.0	8.389	1002.71	0.0	0.0	190.0	0.0	0.0	0.0	0.0	72.1	47.1	0.0	0.0
2026-05-01 01:18	22.278	31.0	8.389	1002.812	0.0	0.0	187.0	0.0	0.0	0.0	0.0	72.1	47.1	0.0	0.0
2026-05-01 01:19	22.278	31.0	8.389	1002.812	0.0	0.0	196.0	0.0	0.0	0.0	0.0	72.1	47.1	0.0	0.0
2026-05-01 01:20	22.222	31.0	8.344	1002.812	0.0	0.0	197.0	0.0	0.0	0.0	0.0	72.0	47.02	0.0	0.0
2026-05-01 01:21	22.222	31.0	8.344	1002.913	0.0	0.0	190.0	0.0	0.0	0.0	0.0	72.0	47.02	0.0	0.0
2026-05-01 01:22	22.222	31.0	8.344	1002.812	0.0	0.0	186.0	0.0	0.0	0.0	0.0	72.0	47.02	0.0	0.0
2026-05-01 01:23	22.222	31.0	8.344	1002.913	0.0	0.0	187.0	0.0	0.0	0.0	0.0	72.0	47.02	0.0	0.0
2026-05-01 01:24	22.222	31.0	8.344	1002.71	0.0	0.0	186.0	0.0	0.0	0.0	0.0	72.0	47.02	0.0	0.0
2026-05-01 01:25	22.222	32.0	8.689	1002.71	0.0	0.0	183.0	0.0	0.0	0.0	0.0	72.0	47.64	0.0	0.0
2026-05-01 01:26	22.222	32.0	8.689	1002.812	0.0	0.0	205.0	0.0	0.0	0.0	0.0	72.0	47.64	0.0	0.0
2026-05-01 01:27	22.222	32.0	8.689	1002.913	0.0	0.0	196.0	0.0	0.0	0.0	0.0	72.0	47.64	0.0	0.0
2026-05-01 01:28	22.111	32.0	8.594	1002.913	0.0	0.0	187.0	0.0	0.0	0.0	0.0	71.8	47.47	0.0	0.0
2026-05-01 01:29	22.111	32.0	8.594	1002.71	0.0	0.0	188.0	0.0	0.0	0.0	0.0	71.8	47.47	0.0	0.0
2026-05-01 01:30	22.111	32.0	8.594	1003.015	0.3	0.501	185.0	0.0	0.0	0.0	0.0	71.8	47.47	0.67	1.12
2026-05-01 01:31	22.111	32.0	8.594	1002.913	0.0	0.0	191.0	0.0	0.0	0.0	0.0	71.8	47.47	0.0	0.0
2026-05-01 01:32	22.111	32.0	8.594	1002.913	0.201	0.501	178.0	0.0	0.0	0.0	0.0	71.8	47.47	0.45	1.12
2026-05-01 01:33	22.111	32.0	8.594	1002.913	0.098	0.501	160.0	0.0	0.0	0.0	0.0	71.8	47.47	0.22	1.12
2026-05-01 01:34	22.111	32.0	8.594	1002.812	0.098	0.501	191.0	0.0	0.0	0.0	0.0	71.8	47.47	0.22	1.12
2026-05-01 01:35	22.111	32.0	8.594	1002.913	0.098	0.501	195.0	0.0	0.0	0.0	0.0	71.8	47.47	0.22	1.12
2026-05-01 01:36	22.111	33.0	8.933	1002.812	0.0	0.0	169.0	0.0	0.0	0.0	0.0	71.8	48.08	0.0	0.0
2026-05-01 01:37	22.0	33.0	8.839	1002.71	0.201	0.501	195.0	0.0	0.0	0.0	0.0	71.6	47.91	0.45	1.12
2026-05-01 01:38	22.0	32.0	8.5	1002.71	0.098	0.501	187.0	0.0	0.0	0.0	0.0	71.6	47.3	0.22	1.12
2026-05-01 01:39	22.0	33.0	8.839	1002.812	0.098	0.501	189.0	0.0	0.0	0.0	0.0	71.6	47.91	0.22	1.12
2026-05-01 01:40	22.0	33.0	8.839	1002.812	0.098	0.501	186.0	0.0	0.0	0.0	0.0	71.6	47.91	0.22	1.12
2026-05-01 01:41	22.0	33.0	8.839	1002.71	0.0	0.0	187.0	0.0	0.0	0.0	0.0	71.6	47.91	0.0	0.0
2026-05-01 01:42	22.0	33.0	8.839	1002.71	0.0	0.0	197.0	0.0	0.0	0.0	0.0	71.6	47.91	0.0	0.0
2026-05-01 01:43	22.0	33.0	8.839	1002.812	0.0	0.0	187.0	0.0	0.0	0.0	0.0	71.6	47.91	0.0	0.0
2026-05-01 01:44	22.0	33.0	8.839	1002.71	0.201	0.501	172.0	0.0	0.0	0.0	0.0	71.6	47.91	0.45	1.12
2026-05-01 01:45	22.0	33.0	8.839	1002.71	0.0	0.0	187.0	0.0	0.0	0.0	0.0	71.6	47.91	0.0	0.0
2026-05-01 01:46	21.889	33.0	8.744	1002.608	0.0	0.0	190.0	0.0	0.0	0.0	0.0	71.4	47.74	0.0	0.0
2026-05-01 01:47	21.889	33.0	8.744	1002.71	0.0	0.0	196.0	0.0	0.0	0.0	0.0	71.4	47.74	0.0	0.0
2026-05-01 01:48	21.889	33.0	8.744	1002.913	0.0	0.0	192.0	0.0	0.0	0.0	0.0	71.4	47.74	0.0	0.0
2026-05-01 01:49	21.889	33.0	8.744	1002.913	0.0	0.0	192.0	0.0	0.0	0.0	0.0	71.4	47.74	0.0	0.0
2026-05-01 01:50	21.889	33.0	8.744	1002.913	0.0	0.0	197.0	0.0	0.0	0.0	0.0	71.4	47.74	0.0	0.0
2026-05-01 01:51	21.889	33.0	8.744	1002.812	0.201	0.501	173.0	0.0	0.0	0.0	0.0	71.4	47.74	0.45	1.12
2026-05-01 01:52	21.778	34.0	8.972	1002.812	0.0	0.0	186.0	0.0	0.0	0.0	0.0	71.2	48.15	0.0	0.0
2026-05-01 01:53	21.778	34.0	8.972	1002.812	0.0	0.0	180.0	0.0	0.0	0.0	0.0	71.2	48.15	0.0	0.0
2026-05-01 01:54	21.778	34.0	8.972	1002.812	0.398	0.501	188.0	0.0	0.0	0.0	0.0	71.2	48.15	0.89	1.12
2026-05-01 01:55	21.778	34.0	8.972	1002.913	0.0	0.0	186.0	0.0	0.0	0.0	0.0	71.2	48.15	0.0	0.0
2026-05-01 01:56	21.778	34.0	8.972	1002.812	0.0	0.0	193.0	0.0	0.0	0.0	0.0	71.2	48.15	0.0	0.0
2026-05-01 01:57	21.722	34.0	8.928	1002.812	0.0	0.0	194.0	0.0	0.0	0.0	0.0	71.1	48.07	0.0	0.0
2026-05-01 01:58	21.778	34.0	8.972	1002.913	0.0	0.0	194.0	0.0	0.0	0.0	0.0	71.2	48.15	0.0	0.0
2026-05-01 01:59	21.778	34.0	8.972	1002.913	0.0	0.0	194.0	0.0	0.0	0.0	0.0	71.2	48.15	0.0	0.0
2026-05-01 02:00	21.778	34.0	8.972	1002.913	0.0	0.0	218.0	0.0	0.0	0.0	0.0	71.2	48.15	0.0	0.0
2026-05-01 02:01	21.722	34.0	8.928	1002.71	0.098	0.501	185.0	0.0	0.0	0.0	0.0	71.1	48.07	0.22	1.12
2026-05-01 02:02	21.722	34.0	8.928	1002.812	0.0	0.0	198.0	0.0	0.0	0.0	0.0	71.1	48.07	0.0	0.0
2026-05-01 02:03	21.722	34.0	8.928	1002.913	0.0	0.0	183.0	0.0	0.0	0.0	0.0	71.1	48.07	0.0	0.0
2026-05-01 02:04	21.722	34.0	8.928	1002.812	0.3	0.501	175.0	0.0	0.0	0.0	0.0	71.1	48.07	0.67	1.12
2026-05-01 02:05	21.722	34.0	8.928	1002.608	0.0	0.0	190.0	0.0	0.0	0.0	0.0	71.1	48.07	0.0	0.0
2026-05-01 02:06	21.722	34.0	8.928	1002.913	0.0	0.0	178.0	0.0	0.0	0.0	0.0	71.1	48.07	0.0	0.0
2026-05-01 02:07	21.611	34.0	8.833	1002.812	0.098	0.501	187.0	0.0	0.0	0.0	0.0	70.9	47.9	0.22	1.12
2026-05-01 02:08	21.722	34.0	8.928	1002.812	0.0	0.0	184.0	0.0	0.0	0.0	0.0	71.1	48.07	0.0	0.0
2026-05-01 02:09	21.611	34.0	8.833	1003.116	0.0	0.0	191.0	0.0	0.0	0.0	0.0	70.9	47.9	0.0	0.0
2026-05-01 02:10	21.611	34.0	8.833	1003.015	0.0	0.0	190.0	0.0	0.0	0.0	0.0	70.9	47.9	0.0	0.0
2026-05-01 02:11	21.611	34.0	8.833	1002.812	0.0	0.0	190.0	0.0	0.0	0.0	0.0	70.9	47.9	0.0	0.0
2026-05-01 02:12	21.611	34.0	8.833	1002.71	0.0	0.0	190.0	0.0	0.0	0.0	0.0	70.9	47.9	0.0	0.0
2026-05-01 02:13	21.611	34.0	8.833	1002.913	0.0	0.0	179.0	0.0	0.0	0.0	0.0	70.9	47.9	0.0	0.0
2026-05-01 02:14	21.5	34.0	8.739	1002.913	0.0	0.0	186.0	0.0	0.0	0.0	0.0	70.7	47.73	0.0	0.0
2026-05-01 02:15	21.5	34.0	8.739	1002.812	0.0	0.0	186.0	0.0	0.0	0.0	0.0	70.7	47.73	0.0	0.0
2026-05-01 02:16	21.5	34.0	8.739	1002.913	0.0	0.0	184.0	0.0	0.0	0.0	0.0	70.7	47.73	0.0	0.0
2026-05-01 02:17	21.5	34.0	8.739	1003.015	0.0	0.0	185.0	0.0	0.0	0.0	0.0	70.7	47.73	0.0	0.0
2026-05-01 02:18	21.5	34.0	8.739	1002.71	0.0	0.0	183.0	0.0	0.0	0.0	0.0	70.7	47.73	0.0	0.0
2026-05-01 02:19	21.389	34.0	8.639	1002.913	0.0	0.0	183.0	0.0	0.0	0.0	0.0	70.5	47.55	0.0	0.0
2026-05-01 02:20	21.389	34.0	8.639	1002.812	0.0	0.0	183.0	0.0	0.0	0.0	0.0	70.5	47.55	0.0	0.0
2026-05-01 02:21	21.389	34.0	8.639	1002.913	0.0	0.0	184.0	0.0	0.0	0.0	0.0	70.5	47.55	0.0	0.0
2026-05-01 02:22	21.389	34.0	8.639	1003.015	0.0	0.0	184.0	0.0	0.0	0.0	0.0	70.5	47.55	0.0	0.0
2026-05-01 02:23	21.278	34.0	8.544	1002.913	0.0	0.0	184.0	0.0	0.0	0.0	0.0	70.3	47.38	0.0	0.0
2026-05-01 02:24	21.278	34.0	8.544	1002.913	0.0	0.0	184.0	0.0	0.0	0.0	0.0	70.3	47.38	0.0	0.0
2026-05-01 02:25	21.222	34.0	8.5	1003.015	0.0	0.0	184.0	0.0	0.0	0.0	0.0	70.2	47.3	0.0	0.0
2026-05-01 02:26	21.222	35.0	8.817	1002.812	0.0	0.0	194.0	0.0	0.0	0.0	0.0	70.2	47.87	0.0	0.0
2026-05-01 02:27	21.222	35.0	8.817	1002.913	0.0	0.0	189.0	0.0	0.0	0.0	0.0	70.2	47.87	0.0	0.0
2026-05-01 02:28	21.222	35.0	8.817	1002.913	0.0	0.0	188.0	0.0	0.0	0.0	0.0	70.2	47.87	0.0	0.0
2026-05-01 02:29	21.111	35.0	8.717	1002.913	0.0	0.0	183.0	0.0	0.0	0.0	0.0	70.0	47.69	0.0	0.0
2026-05-01 02:30	21.111	35.0	8.717	1002.812	0.0	0.0	184.0	0.0	0.0	0.0	0.0	70.0	47.69	0.0	0.0
2026-05-01 02:31	21.111	35.0	8.717	1003.015	0.0	0.0	190.0	0.0	0.0	0.0	0.0	70.0	47.69	0.0	0.0
2026-05-01 02:32	21.111	35.0	8.717	1002.913	0.0	0.0	185.0	0.0	0.0	0.0	0.0	70.0	47.69	0.0	0.0
2026-05-01 02:33	21.111	35.0	8.717	1002.913	0.0	0.0	183.0	0.0	0.0	0.0	0.0	70.0	47.69	0.0	0.0
2026-05-01 02:34	21.111	35.0	8.717	1003.015	0.0	0.0	183.0	0.0	0.0	0.0	0.0	70.0	47.69	0.0	0.0
2026-05-01 02:35	21.0	36.0	8.933	1002.913	0.599	1.001	189.0	0.0	0.0	0.0	0.0	69.8	48.08	1.34	2.24
2026-05-01 02:36	21.0	36.0	8.933	1002.812	0.0	0.0	184.0	0.0	0.0	0.0	0.0	69.8	48.08	0.0	0.0
2026-05-01 02:37	21.0	35.0	8.622	1002.812	0.0	0.0	188.0	0.0	0.0	0.0	0.0	69.8	47.52	0.0	0.0
2026-05-01 02:38	21.0	35.0	8.622	1002.812	0.0	0.0	185.0	0.0	0.0	0.0	0.0	69.8	47.52	0.0	0.0
2026-05-01 02:39	21.0	35.0	8.622	1002.913	0.0	0.0	184.0	0.0	0.0	0.0	0.0	69.8	47.52	0.0	0.0
2026-05-01 02:40	21.0	35.0	8.622	1003.116	0.0	0.0	178.0	0.0	0.0	0.0	0.0	69.8	47.52	0.0	0.0
2026-05-01 02:41	21.0	36.0	8.933	1002.812	0.398	0.501	178.0	0.0	0.0	0.0	0.0	69.8	48.08	0.89	1.12
2026-05-01 02:42	21.0	35.0	8.622	1003.116	0.0	0.0	188.0	0.0	0.0	0.0	0.0	69.8	47.52	0.0	0.0
2026-05-01 02:43	21.0	35.0	8.622	1002.812	0.0	0.0	192.0	0.0	0.0	0.0	0.0	69.8	47.52	0.0	0.0
2026-05-01 02:44	21.0	35.0	8.622	1002.913	0.0	0.0	190.0	0.0	0.0	0.0	0.0	69.8	47.52	0.0	0.0
2026-05-01 02:45	21.0	35.0	8.622	1003.116	0.0	0.0	182.0	0.0	0.0	0.0	0.0	69.8	47.52	0.0	0.0
2026-05-01 02:46	21.0	35.0	8.622	1002.812	0.0	0.0	189.0	0.0	0.0	0.0	0.0	69.8	47.52	0.0	0.0
2026-05-01 02:47	21.0	36.0	8.933	1003.015	0.201	0.501	167.0	0.0	0.0	0.0	0.0	69.8	48.08	0.45	1.12
2026-05-01 02:48	21.0	36.0	8.933	1003.184	0.599	1.001	188.0	0.0	0.0	0.0	0.0	69.8	48.08	1.34	2.24
2026-05-01 02:49	21.0	36.0	8.933	1003.015	0.098	0.501	183.0	0.0	0.0	0.0	0.0	69.8	48.08	0.22	1.12
2026-05-01 02:50	21.0	36.0	8.933	1003.015	0.0	0.0	186.0	0.0	0.0	0.0	0.0	69.8	48.08	0.0	0.0
2026-05-01 02:51	21.0	35.0	8.622	1003.015	0.0	0.0	185.0	0.0	0.0	0.0	0.0	69.8	47.52	0.0	0.0
2026-05-01 02:52	21.0	35.0	8.622	1002.913	0.0	0.0	185.0	0.0	0.0	0.0	0.0	69.8	47.52	0.0	0.0
2026-05-01 02:53	21.0	36.0	8.933	1002.913	0.0	0.0	192.0	0.0	0.0	0.0	0.0	69.8	48.08	0.0	0.0
2026-05-01 02:54	21.0	36.0	8.933	1003.015	0.0	0.0	190.0	0.0	0.0	0.0	0.0	69.8	48.08	0.0	0.0
2026-05-01 02:55	21.0	35.0	8.622	1002.812	0.098	0.501	185.0	0.0	0.0	0.0	0.0	69.8	47.52	0.22	1.12
2026-05-01 02:56	21.0	36.0	8.933	1002.913	0.0	0.0	188.0	0.0	0.0	0.0	0.0	69.8	48.08	0.0	0.0
2026-05-01 02:57	21.0	36.0	8.933	1003.116	0.398	0.501	171.0	0.0	0.0	0.0	0.0	69.8	48.08	0.89	1.12
2026-05-01 02:58	21.0	36.0	8.933	1003.015	0.0	0.0	180.0	0.0	0.0	0.0	0.0	69.8	48.08	0.0	0.0
2026-05-01 02:59	21.0	36.0	8.933	1003.015	0.201	0.501	182.0	0.0	0.0	0.0	0.0	69.8	48.08	0.45	1.12
2026-05-01 03:00	21.0	36.0	8.933	1003.015	0.201	0.501	182.0	0.0	0.0	0.0	0.0	69.8	48.08	0.45	1.12
2026-05-01 03:01	20.889	36.0	8.839	1003.015	0.0	0.0	191.0	0.0	0.0	0.0	0.0	69.6	47.91	0.0	0.0
2026-05-01 03:02	20.889	36.0	8.839	1002.913	0.0	0.0	193.0	0.0	0.0	0.0	0.0	69.6	47.91	0.0	0.0
2026-05-01 03:03	20.889	36.0	8.839	1003.015	0.0	0.0	192.0	0.0	0.0	0.0	0.0	69.6	47.91	0.0	0.0
2026-05-01 03:04	20.889	36.0	8.839	1003.015	0.0	0.0	192.0	0.0	0.0	0.0	0.0	69.6	47.91	0.0	0.0
2026-05-01 03:05	20.889	36.0	8.839	1003.116	0.0	0.0	192.0	0.0	0.0	0.0	0.0	69.6	47.91	0.0	0.0
2026-05-01 03:06	20.889	36.0	8.839	1002.913	0.0	0.0	192.0	0.0	0.0	0.0	0.0	69.6	47.91	0.0	0.0
2026-05-01 03:07	20.889	36.0	8.839	1003.116	0.0	0.0	192.0	0.0	0.0	0.0	0.0	69.6	47.91	0.0	0.0
2026-05-01 03:08	20.778	36.0	8.739	1003.184	0.0	0.0	192.0	0.0	0.0	0.0	0.0	69.4	47.73	0.0	0.0
2026-05-01 03:09	20.778	36.0	8.739	1003.116	0.0	0.0	196.0	0.0	0.0	0.0	0.0	69.4	47.73	0.0	0.0
2026-05-01 03:10	20.778	36.0	8.739	1003.184	0.0	0.0	190.0	0.0	0.0	0.0	0.0	69.4	47.73	0.0	0.0
2026-05-01 03:11	20.778	36.0	8.739	1003.015	0.0	0.0	191.0	0.0	0.0	0.0	0.0	69.4	47.73	0.0	0.0
2026-05-01 03:12	20.722	36.0	8.694	1003.184	0.0	0.0	191.0	0.0	0.0	0.0	0.0	69.3	47.65	0.0	0.0
2026-05-01 03:13	20.722	36.0	8.694	1003.116	0.0	0.0	191.0	0.0	0.0	0.0	0.0	69.3	47.65	0.0	0.0
2026-05-01 03:14	20.722	36.0	8.694	1003.015	0.0	0.0	191.0	0.0	0.0	0.0	0.0	69.3	47.65	0.0	0.0
2026-05-01 03:15	20.611	36.0	8.594	1003.015	0.0	0.0	189.0	0.0	0.0	0.0	0.0	69.1	47.47	0.0	0.0
2026-05-01 03:16	20.611	36.0	8.594	1003.116	0.0	0.0	189.0	0.0	0.0	0.0	0.0	69.1	47.47	0.0	0.0
2026-05-01 03:17	20.611	36.0	8.594	1003.116	0.0	0.0	188.0	0.0	0.0	0.0	0.0	69.1	47.47	0.0	0.0
2026-05-01 03:18	20.611	36.0	8.594	1003.015	0.0	0.0	188.0	0.0	0.0	0.0	0.0	69.1	47.47	0.0	0.0
2026-05-01 03:19	20.5	36.0	8.5	1003.116	0.0	0.0	188.0	0.0	0.0	0.0	0.0	68.9	47.3	0.0	0.0
2026-05-01 03:20	20.5	36.0	8.5	1003.015	0.0	0.0	188.0	0.0	0.0	0.0	0.0	68.9	47.3	0.0	0.0
2026-05-01 03:21	20.5	36.0	8.5	1003.015	0.0	0.0	188.0	0.0	0.0	0.0	0.0	68.9	47.3	0.0	0.0
2026-05-01 03:22	20.5	36.0	8.5	1003.184	0.0	0.0	188.0	0.0	0.0	0.0	0.0	68.9	47.3	0.0	0.0
2026-05-01 03:23	20.389	36.0	8.406	1003.184	0.0	0.0	185.0	0.0	0.0	0.0	0.0	68.7	47.13	0.0	0.0
2026-05-01 03:24	20.389	38.0	8.994	1003.116	0.0	0.0	174.0	0.0	0.0	0.0	0.0	68.7	48.19	0.0	0.0
2026-05-01 03:25	20.278	38.0	8.9	1003.116	0.098	0.501	177.0	0.0	0.0	0.0	0.0	68.5	48.02	0.22	1.12
2026-05-01 03:26	20.278	38.0	8.9	1003.116	0.0	0.0	174.0	0.0	0.0	0.0	0.0	68.5	48.02	0.0	0.0
2026-05-01 03:27	20.278	37.0	8.606	1003.116	0.0	0.0	188.0	0.0	0.0	0.0	0.0	68.5	47.49	0.0	0.0
2026-05-01 03:28	20.278	37.0	8.606	1003.184	0.0	0.0	188.0	0.0	0.0	0.0	0.0	68.5	47.49	0.0	0.0
2026-05-01 03:29	20.222	37.0	8.556	1003.116	0.0	0.0	188.0	0.0	0.0	0.0	0.0	68.4	47.4	0.0	0.0
2026-05-01 03:30	20.222	37.0	8.556	1003.286	0.0	0.0	188.0	0.0	0.0	0.0	0.0	68.4	47.4	0.0	0.0
2026-05-01 03:31	20.222	37.0	8.556	1003.116	0.0	0.0	188.0	0.0	0.0	0.0	0.0	68.4	47.4	0.0	0.0
2026-05-01 03:32	20.111	37.0	8.461	1003.116	0.0	0.0	188.0	0.0	0.0	0.0	0.0	68.2	47.23	0.0	0.0
2026-05-01 03:33	20.111	37.0	8.461	1003.286	0.0	0.0	188.0	0.0	0.0	0.0	0.0	68.2	47.23	0.0	0.0
2026-05-01 03:34	20.111	37.0	8.461	1003.286	0.0	0.0	191.0	0.0	0.0	0.0	0.0	68.2	47.23	0.0	0.0
2026-05-01 03:35	20.111	37.0	8.461	1003.116	0.0	0.0	193.0	0.0	0.0	0.0	0.0	68.2	47.23	0.0	0.0
2026-05-01 03:36	20.0	37.0	8.367	1003.387	0.0	0.0	187.0	0.0	0.0	0.0	0.0	68.0	47.06	0.0	0.0
2026-05-01 03:37	20.0	37.0	8.367	1003.116	0.0	0.0	187.0	0.0	0.0	0.0	0.0	68.0	47.06	0.0	0.0
2026-05-01 03:38	20.0	37.0	8.367	1003.015	0.0	0.0	188.0	0.0	0.0	0.0	0.0	68.0	47.06	0.0	0.0
2026-05-01 03:39	20.0	38.0	8.656	1003.116	0.0	0.0	188.0	0.0	0.0	0.0	0.0	68.0	47.58	0.0	0.0
2026-05-01 03:40	19.889	38.0	8.561	1003.184	0.201	0.501	179.0	0.0	0.0	0.0	0.0	67.8	47.41	0.45	1.12
2026-05-01 03:41	19.889	38.0	8.561	1003.116	0.0	0.0	192.0	0.0	0.0	0.0	0.0	67.8	47.41	0.0	0.0
2026-05-01 03:42	19.889	38.0	8.561	1003.184	0.0	0.0	179.0	0.0	0.0	0.0	0.0	67.8	47.41	0.0	0.0
2026-05-01 03:43	19.889	38.0	8.561	1003.286	0.0	0.0	189.0	0.0	0.0	0.0	0.0	67.8	47.41	0.0	0.0
2026-05-01 03:44	19.889	38.0	8.561	1003.286	0.0	0.0	188.0	0.0	0.0	0.0	0.0	67.8	47.41	0.0	0.0
2026-05-01 03:45	19.889	38.0	8.561	1003.387	0.0	0.0	186.0	0.0	0.0	0.0	0.0	67.8	47.41	0.0	0.0
2026-05-01 03:46	19.889	38.0	8.561	1003.184	0.0	0.0	184.0	0.0	0.0	0.0	0.0	67.8	47.41	0.0	0.0
2026-05-01 03:47	19.889	38.0	8.561	1003.286	0.0	0.0	184.0	0.0	0.0	0.0	0.0	67.8	47.41	0.0	0.0
2026-05-01 03:48	19.889	38.0	8.561	1003.184	0.0	0.0	185.0	0.0	0.0	0.0	0.0	67.8	47.41	0.0	0.0
2026-05-01 03:49	19.889	38.0	8.561	1003.286	0.0	0.0	185.0	0.0	0.0	0.0	0.0	67.8	47.41	0.0	0.0
2026-05-01 03:50	19.889	38.0	8.561	1003.286	0.0	0.0	185.0	0.0	0.0	0.0	0.0	67.8	47.41	0.0	0.0
2026-05-01 03:51	19.889	38.0	8.561	1003.286	0.0	0.0	185.0	0.0	0.0	0.0	0.0	67.8	47.41	0.0	0.0
2026-05-01 03:52	19.778	38.0	8.461	1003.184	0.0	0.0	193.0	0.0	0.0	0.0	0.0	67.6	47.23	0.0	0.0
2026-05-01 03:53	19.778	38.0	8.461	1003.184	0.0	0.0	186.0	0.0	0.0	0.0	0.0	67.6	47.23	0.0	0.0
2026-05-01 03:54	19.778	39.0	8.744	1003.286	0.0	0.0	186.0	0.0	0.0	0.0	0.0	67.6	47.74	0.0	0.0
2026-05-01 03:55	19.778	38.0	8.461	1003.591	0.0	0.0	186.0	0.0	0.0	0.0	0.0	67.6	47.23	0.0	0.0
2026-05-01 03:56	19.778	39.0	8.744	1003.286	0.0	0.0	194.0	0.0	0.0	0.0	0.0	67.6	47.74	0.0	0.0
2026-05-01 03:57	19.778	39.0	8.744	1003.387	0.0	0.0	186.0	0.0	0.0	0.0	0.0	67.6	47.74	0.0	0.0
2026-05-01 03:58	19.778	38.0	8.461	1003.489	0.0	0.0	186.0	0.0	0.0	0.0	0.0	67.6	47.23	0.0	0.0
2026-05-01 03:59	19.778	38.0	8.461	1003.489	0.0	0.0	185.0	0.0	0.0	0.0	0.0	67.6	47.23	0.0	0.0
2026-05-01 04:00	19.778	39.0	8.744	1003.286	0.0	0.0	186.0	0.0	0.0	0.0	0.0	67.6	47.74	0.0	0.0
2026-05-01 04:01	19.778	39.0	8.744	1003.286	0.0	0.0	186.0	0.0	0.0	0.0	0.0	67.6	47.74	0.0	0.0
2026-05-01 04:02	19.778	39.0	8.744	1003.286	0.0	0.0	186.0	0.0	0.0	0.0	0.0	67.6	47.74	0.0	0.0
2026-05-01 04:03	19.722	39.0	8.7	1003.387	0.0	0.0	185.0	0.0	0.0	0.0	0.0	67.5	47.66	0.0	0.0
2026-05-01 04:04	19.722	39.0	8.7	1003.489	0.0	0.0	186.0	0.0	0.0	0.0	0.0	67.5	47.66	0.0	0.0
2026-05-01 04:05	19.722	39.0	8.7	1003.387	0.0	0.0	186.0	0.0	0.0	0.0	0.0	67.5	47.66	0.0	0.0
2026-05-01 04:06	19.778	39.0	8.744	1003.387	0.0	0.0	186.0	0.0	0.0	0.0	0.0	67.6	47.74	0.0	0.0
2026-05-01 04:07	19.722	39.0	8.7	1003.489	0.0	0.0	186.0	0.0	0.0	0.0	0.0	67.5	47.66	0.0	0.0
2026-05-01 04:08	19.722	39.0	8.7	1003.489	0.0	0.0	186.0	0.0	0.0	0.0	0.0	67.5	47.66	0.0	0.0
2026-05-01 04:09	19.722	39.0	8.7	1003.387	0.0	0.0	197.0	0.0	0.0	0.0	0.0	67.5	47.66	0.0	0.0
2026-05-01 04:10	19.722	39.0	8.7	1003.387	0.0	0.0	189.0	0.0	0.0	0.0	0.0	67.5	47.66	0.0	0.0
2026-05-01 04:11	19.611	39.0	8.6	1003.387	0.0	0.0	186.0	0.0	0.0	0.0	0.0	67.3	47.48	0.0	0.0
2026-05-01 04:12	19.611	39.0	8.6	1003.489	0.0	0.0	186.0	0.0	0.0	0.0	0.0	67.3	47.48	0.0	0.0
2026-05-01 04:13	19.611	39.0	8.6	1003.489	0.0	0.0	186.0	0.0	0.0	0.0	0.0	67.3	47.48	0.0	0.0
2026-05-01 04:14	19.611	39.0	8.6	1003.591	0.0	0.0	184.0	0.0	0.0	0.0	0.0	67.3	47.48	0.0	0.0
2026-05-01 04:15	19.611	39.0	8.6	1003.387	0.0	0.0	185.0	0.0	0.0	0.0	0.0	67.3	47.48	0.0	0.0
2026-05-01 04:16	19.611	39.0	8.6	1003.387	0.0	0.0	185.0	0.0	0.0	0.0	0.0	67.3	47.48	0.0	0.0
2026-05-01 04:17	19.611	39.0	8.6	1003.387	0.0	0.0	185.0	0.0	0.0	0.0	0.0	67.3	47.48	0.0	0.0
2026-05-01 04:18	19.611	39.0	8.6	1003.591	0.0	0.0	185.0	0.0	0.0	0.0	0.0	67.3	47.48	0.0	0.0
2026-05-01 04:19	19.5	39.0	8.506	1003.591	0.0	0.0	185.0	0.0	0.0	0.0	0.0	67.1	47.31	0.0	0.0
2026-05-01 04:20	19.5	39.0	8.506	1003.591	0.0	0.0	185.0	0.0	0.0	0.0	0.0	67.1	47.31	0.0	0.0
2026-05-01 04:21	19.5	39.0	8.506	1003.489	0.0	0.0	185.0	0.0	0.0	0.0	0.0	67.1	47.31	0.0	0.0
2026-05-01 04:22	19.5	39.0	8.506	1003.591	0.0	0.0	185.0	0.0	0.0	0.0	0.0	67.1	47.31	0.0	0.0
2026-05-01 04:23	19.5	39.0	8.506	1003.489	0.0	0.0	165.0	0.0	0.0	0.0	0.0	67.1	47.31	0.0	0.0
2026-05-01 04:24	19.5	40.0	8.778	1003.489	0.0	0.0	185.0	0.0	0.0	0.0	0.0	67.1	47.8	0.0	0.0
2026-05-01 04:25	19.389	40.0	8.683	1003.591	0.0	0.0	193.0	0.0	0.0	0.0	0.0	66.9	47.63	0.0	0.0
2026-05-01 04:26	19.389	40.0	8.683	1003.591	0.098	0.501	175.0	0.0	0.0	0.0	0.0	66.9	47.63	0.22	1.12
2026-05-01 04:27	19.389	40.0	8.683	1003.387	0.0	0.0	191.0	0.0	0.0	0.0	0.0	66.9	47.63	0.0	0.0
2026-05-01 04:28	19.5	40.0	8.778	1003.591	0.0	0.0	191.0	0.0	0.0	0.0	0.0	67.1	47.8	0.0	0.0
2026-05-01 04:29	19.389	40.0	8.683	1003.591	0.0	0.0	177.0	0.0	0.0	0.0	0.0	66.9	47.63	0.0	0.0
2026-05-01 04:30	19.389	40.0	8.683	1003.489	0.0	0.0	187.0	0.0	0.0	0.0	0.0	66.9	47.63	0.0	0.0
2026-05-01 04:31	19.389	40.0	8.683	1003.692	0.0	0.0	186.0	0.0	0.0	0.0	0.0	66.9	47.63	0.0	0.0
2026-05-01 04:32	19.389	41.0	8.956	1003.794	0.098	0.501	178.0	0.0	0.0	0.0	0.0	66.9	48.12	0.22	1.12
2026-05-01 04:33	19.389	40.0	8.683	1003.591	0.3	0.501	180.0	0.0	0.0	0.0	0.0	66.9	47.63	0.67	1.12
2026-05-01 04:34	19.389	40.0	8.683	1003.591	0.0	0.0	188.0	0.0	0.0	0.0	0.0	66.9	47.63	0.0	0.0
2026-05-01 04:35	19.389	40.0	8.683	1003.692	0.0	0.0	190.0	0.0	0.0	0.0	0.0	66.9	47.63	0.0	0.0
2026-05-01 04:36	19.389	40.0	8.683	1003.591	0.0	0.0	186.0	0.0	0.0	0.0	0.0	66.9	47.63	0.0	0.0
2026-05-01 04:37	19.389	40.0	8.683	1003.794	0.0	0.0	186.0	0.0	0.0	0.0	0.0	66.9	47.63	0.0	0.0
2026-05-01 04:38	19.278	40.0	8.583	1003.489	0.0	0.0	182.0	0.0	0.0	0.0	0.0	66.7	47.45	0.0	0.0
2026-05-01 04:39	19.278	40.0	8.583	1003.692	0.098	0.501	174.0	0.0	0.0	0.0	0.0	66.7	47.45	0.22	1.12
2026-05-01 04:40	19.278	40.0	8.583	1003.591	0.0	0.0	179.0	0.0	0.0	0.0	0.0	66.7	47.45	0.0	0.0
2026-05-01 04:41	19.222	40.0	8.539	1003.692	0.0	0.0	176.0	0.0	0.0	0.0	0.0	66.6	47.37	0.0	0.0
2026-05-01 04:42	19.222	40.0	8.539	1003.591	0.0	0.0	180.0	0.0	0.0	0.0	0.0	66.6	47.37	0.0	0.0
2026-05-01 04:43	19.222	40.0	8.539	1003.794	0.0	0.0	183.0	0.0	0.0	0.0	0.0	66.6	47.37	0.0	0.0
2026-05-01 04:44	19.222	40.0	8.539	1003.692	0.0	0.0	184.0	0.0	0.0	0.0	0.0	66.6	47.37	0.0	0.0
2026-05-01 04:45	19.222	40.0	8.539	1003.489	0.0	0.0	184.0	0.0	0.0	0.0	0.0	66.6	47.37	0.0	0.0
2026-05-01 04:46	19.111	40.0	8.439	1003.591	0.0	0.0	191.0	0.0	0.0	0.0	0.0	66.4	47.19	0.0	0.0
2026-05-01 04:47	19.111	40.0	8.439	1003.692	0.0	0.0	190.0	0.0	0.0	0.0	0.0	66.4	47.19	0.0	0.0
2026-05-01 04:48	19.111	40.0	8.439	1003.591	0.0	0.0	190.0	0.0	0.0	0.0	0.0	66.4	47.19	0.0	0.0
2026-05-01 04:49	19.111	40.0	8.439	1003.692	0.0	0.0	190.0	0.0	0.0	0.0	0.0	66.4	47.19	0.0	0.0
2026-05-01 04:50	19.0	40.0	8.339	1003.591	0.0	0.0	190.0	0.0	0.0	0.0	0.0	66.2	47.01	0.0	0.0
2026-05-01 04:51	19.0	40.0	8.339	1003.895	0.0	0.0	186.0	0.0	0.0	0.0	0.0	66.2	47.01	0.0	0.0
2026-05-01 04:52	19.0	40.0	8.339	1003.997	0.0	0.0	186.0	0.0	0.0	0.0	0.0	66.2	47.01	0.0	0.0
2026-05-01 04:53	19.0	40.0	8.339	1003.794	0.0	0.0	189.0	0.0	0.0	0.0	0.0	66.2	47.01	0.0	0.0
2026-05-01 04:54	19.0	40.0	8.339	1003.794	0.0	0.0	190.0	0.0	0.0	0.0	0.0	66.2	47.01	0.0	0.0
2026-05-01 04:55	19.0	40.0	8.339	1003.794	0.0	0.0	190.0	0.0	0.0	0.0	0.0	66.2	47.01	0.0	0.0
2026-05-01 04:56	19.0	40.0	8.339	1003.692	0.0	0.0	184.0	0.0	0.0	0.0	0.0	66.2	47.01	0.0	0.0
2026-05-01 04:57	18.889	40.0	8.244	1003.895	0.0	0.0	184.0	0.0	0.0	0.0	0.0	66.0	46.84	0.0	0.0
2026-05-01 04:58	18.889	40.0	8.244	1003.895	0.0	0.0	185.0	0.0	0.0	0.0	0.0	66.0	46.84	0.0	0.0
2026-05-01 04:59	19.0	40.0	8.339	1003.794	0.0	0.0	185.0	0.0	0.0	0.0	0.0	66.2	47.01	0.0	0.0
2026-05-01 05:00	18.889	40.0	8.244	1003.895	0.0	0.0	187.0	0.0	0.0	0.0	0.0	66.0	46.84	0.0	0.0
2026-05-01 05:01	19.0	41.0	8.611	1003.794	0.0	0.0	185.0	0.0	0.0	0.0	0.0	66.2	47.5	0.0	0.0
2026-05-01 05:02	18.889	41.0	8.511	1003.997	0.0	0.0	193.0	0.0	0.0	0.0	0.0	66.0	47.32	0.0	0.0
2026-05-01 05:03	18.889	41.0	8.511	1003.997	0.0	0.0	193.0	0.0	0.0	0.0	0.0	66.0	47.32	0.0	0.0
2026-05-01 05:04	18.889	41.0	8.511	1003.794	0.0	0.0	193.0	0.0	0.0	0.0	0.0	66.0	47.32	0.0	0.0
2026-05-01 05:05	18.889	41.0	8.511	1003.794	0.0	0.0	192.0	0.0	0.0	0.0	0.0	66.0	47.32	0.0	0.0
2026-05-01 05:06	18.889	41.0	8.511	1003.895	0.0	0.0	193.0	0.0	0.0	0.0	0.0	66.0	47.32	0.0	0.0
2026-05-01 05:07	18.889	41.0	8.511	1003.997	0.0	0.0	186.0	0.0	0.0	0.0	0.0	66.0	47.32	0.0	0.0
2026-05-01 05:08	18.889	41.0	8.511	1003.794	0.0	0.0	187.0	0.0	0.0	0.0	0.0	66.0	47.32	0.0	0.0
2026-05-01 05:09	19.0	41.0	8.611	1003.895	0.0	0.0	197.0	0.0	0.0	0.0	0.0	66.2	47.5	0.0	0.0
2026-05-01 05:10	19.0	41.0	8.611	1003.895	0.0	0.0	197.0	0.0	0.0	0.0	0.0	66.2	47.5	0.0	0.0
2026-05-01 05:11	19.0	41.0	8.611	1003.895	0.0	0.0	195.0	0.0	0.01	0.0	0.0	66.2	47.5	0.0	0.0
2026-05-01 05:12	19.0	41.0	8.611	1003.794	0.0	0.0	195.0	0.0	0.01	0.0	0.0	66.2	47.5	0.0	0.0
2026-05-01 05:13	19.0	41.0	8.611	1003.895	0.0	0.0	195.0	0.0	0.01	0.0	0.0	66.2	47.5	0.0	0.0
2026-05-01 05:14	18.889	41.0	8.511	1003.997	0.0	0.0	195.0	0.0	0.02	0.0	0.0	66.0	47.32	0.0	0.0
2026-05-01 05:15	18.889	41.0	8.511	1003.895	0.0	0.0	195.0	0.0	0.02	0.0	0.0	66.0	47.32	0.0	0.0
2026-05-01 05:16	18.889	41.0	8.511	1003.997	0.0	0.0	195.0	0.0	0.02	0.0	0.0	66.0	47.32	0.0	0.0
2026-05-01 05:17	18.889	41.0	8.511	1003.997	0.0	0.0	195.0	0.0	0.03	0.0	0.0	66.0	47.32	0.0	0.0
2026-05-01 05:18	18.889	41.0	8.511	1003.997	0.0	0.0	195.0	0.0	0.05	0.0	0.0	66.0	47.32	0.0	0.0
2026-05-01 05:19	18.889	41.0	8.511	1003.794	0.0	0.0	194.0	0.0	0.06	0.0	0.0	66.0	47.32	0.0	0.0
2026-05-01 05:20	18.778	41.0	8.417	1003.997	0.0	0.0	194.0	0.0	0.08	0.0	0.0	65.8	47.15	0.0	0.0
2026-05-01 05:21	18.778	41.0	8.417	1004.2	0.501	0.501	177.0	0.0	0.09	0.0	0.0	65.8	47.15	1.12	1.12
2026-05-01 05:22	18.778	42.0	8.678	1004.098	0.0	0.0	181.0	0.0	0.12	0.0	0.0	65.8	47.62	0.0	0.0
2026-05-01 05:23	18.778	42.0	8.678	1003.997	0.0	0.0	182.0	0.0	0.15	0.0	0.0	65.8	47.62	0.0	0.0
2026-05-01 05:24	18.722	42.0	8.628	1004.098	0.0	0.0	182.0	0.0	0.19	0.0	0.0	65.7	47.53	0.0	0.0
2026-05-01 05:25	18.722	42.0	8.628	1004.2	0.0	0.0	182.0	0.0	0.25	0.0	0.0	65.7	47.53	0.0	0.0
2026-05-01 05:26	18.722	42.0	8.628	1004.403	0.0	0.0	181.0	0.0	0.3	0.0	0.0	65.7	47.53	0.0	0.0
2026-05-01 05:27	18.722	42.0	8.628	1003.997	0.0	0.0	182.0	0.0	0.38	0.0	0.0	65.7	47.53	0.0	0.0
2026-05-01 05:28	18.722	42.0	8.628	1004.098	0.0	0.0	181.0	0.0	0.48	0.0	0.0	65.7	47.53	0.0	0.0
2026-05-01 05:29	18.611	42.0	8.528	1004.098	0.0	0.0	174.0	0.0	0.59	0.0	0.0	65.5	47.35	0.0	0.0
2026-05-01 05:30	18.611	42.0	8.528	1004.302	0.0	0.0	187.0	0.0	0.73	0.0	0.0	65.5	47.35	0.0	0.0
2026-05-01 05:31	18.611	42.0	8.528	1004.2	0.0	0.0	187.0	0.0	0.84	0.0	0.0	65.5	47.35	0.0	0.0
2026-05-01 05:32	18.611	42.0	8.528	1004.302	0.098	0.501	181.0	0.0	1.03	0.0	0.0	65.5	47.35	0.22	1.12
2026-05-01 05:33	18.5	42.0	8.433	1004.2	0.0	0.0	184.0	0.0	1.22	0.0	0.0	65.3	47.18	0.0	0.0
2026-05-01 05:34	18.5	42.0	8.433	1004.302	0.0	0.0	187.0	0.0	1.44	0.0	0.0	65.3	47.18	0.0	0.0
2026-05-01 05:35	18.5	42.0	8.433	1004.403	0.098	0.501	180.0	0.0	1.69	0.0	0.0	65.3	47.18	0.22	1.12
2026-05-01 05:36	18.5	42.0	8.433	1004.2	0.0	0.0	185.0	0.0	1.98	0.0	0.0	65.3	47.18	0.0	0.0
2026-05-01 05:37	18.5	43.0	8.689	1004.2	0.0	0.0	182.0	0.0	2.22	0.0	0.0	65.3	47.64	0.0	0.0
2026-05-01 05:38	18.5	44.0	8.944	1004.302	0.098	0.501	176.0	0.0	2.57	0.0	0.0	65.3	48.1	0.22	1.12
2026-05-01 05:39	18.5	43.0	8.689	1004.302	0.0	0.0	189.0	0.0	2.99	0.0	0.0	65.3	47.64	0.0	0.0
2026-05-01 05:40	18.5	43.0	8.689	1004.302	0.0	0.0	197.0	0.0	3.46	0.0	0.0	65.3	47.64	0.0	0.0
2026-05-01 05:41	18.5	43.0	8.689	1004.403	0.0	0.0	197.0	0.0	3.84	0.0	0.0	65.3	47.64	0.0	0.0
2026-05-01 05:42	18.389	43.0	8.589	1004.403	0.0	0.0	199.0	0.0	4.4	0.0	0.0	65.1	47.46	0.0	0.0
2026-05-01 05:43	18.389	43.0	8.589	1004.403	0.0	0.0	192.0	0.0	4.95	0.0	0.0	65.1	47.46	0.0	0.0
2026-05-01 05:44	18.389	43.0	8.589	1004.2	0.0	0.0	200.0	0.0	5.57	0.0	0.0	65.1	47.46	0.0	0.0
2026-05-01 05:45	18.389	43.0	8.589	1004.403	0.0	0.0	206.0	0.0	6.07	0.0	0.0	65.1	47.46	0.0	0.0
2026-05-01 05:46	18.389	43.0	8.589	1004.403	0.0	0.0	192.0	0.0	6.88	0.0	0.0	65.1	47.46	0.0	0.0
2026-05-01 05:47	18.389	43.0	8.589	1004.403	0.0	0.0	192.0	0.0	7.41	0.0	0.0	65.1	47.46	0.0	0.0
2026-05-01 05:48	18.389	43.0	8.589	1004.606	0.0	0.0	191.0	0.0	8.12	0.0	0.0	65.1	47.46	0.0	0.0
2026-05-01 05:49	18.389	43.0	8.589	1004.606	0.0	0.0	191.0	0.0	8.86	0.0	0.0	65.1	47.46	0.0	0.0
2026-05-01 05:50	18.389	43.0	8.589	1004.403	0.0	0.0	186.0	0.0	9.62	0.0	0.0	65.1	47.46	0.0	0.0
2026-05-01 05:51	18.5	43.0	8.689	1004.505	0.0	0.0	187.0	0.0	10.4	0.0	0.0	65.3	47.64	0.0	0.0
2026-05-01 05:52	18.5	43.0	8.689	1004.606	0.0	0.0	187.0	0.0	11.22	0.0	0.0	65.3	47.64	0.0	0.0
2026-05-01 05:53	18.5	43.0	8.689	1004.505	0.0	0.0	187.0	0.0	11.85	0.0	0.0	65.3	47.64	0.0	0.0
2026-05-01 05:54	18.389	43.0	8.589	1004.403	0.0	0.0	187.0	0.0	12.68	0.0	0.0	65.1	47.46	0.0	0.0
2026-05-01 05:55	18.389	44.0	8.844	1004.403	0.0	0.0	187.0	0.0	13.55	0.0	0.0	65.1	47.92	0.0	0.0
2026-05-01 05:56	18.389	44.0	8.844	1004.606	0.0	0.0	186.0	0.0	14.41	0.0	0.0	65.1	47.92	0.0	0.0
2026-05-01 05:57	18.389	44.0	8.844	1004.403	0.0	0.0	186.0	0.0	15.29	0.0	0.0	65.1	47.92	0.0	0.0
2026-05-01 05:58	18.389	44.0	8.844	1004.606	0.0	0.0	183.0	0.0	15.94	0.0	0.0	65.1	47.92	0.0	0.0
2026-05-01 05:59	18.389	45.0	9.089	1004.708	0.0	0.0	181.0	0.0	16.81	0.0	0.0	65.1	48.36	0.0	0.0
2026-05-01 06:00	18.5	45.0	9.189	1004.708	0.0	0.0	180.0	0.0	17.7	0.0	0.0	65.3	48.54	0.0	0.0
2026-05-01 06:01	18.5	44.0	8.944	1004.403	0.0	0.0	180.0	0.0	18.6	0.0	0.0	65.3	48.1	0.0	0.0
2026-05-01 06:02	18.389	44.0	8.844	1004.606	0.0	0.0	180.0	0.0	19.93	0.0	0.0	65.1	47.92	0.0	0.0
2026-05-01 06:03	18.389	44.0	8.844	1004.606	0.0	0.0	180.0	0.0	19.93	0.0	0.0	65.1	47.92	0.0	0.0
2026-05-01 06:04	18.389	44.0	8.844	1004.606	0.0	0.0	180.0	0.0	21.44	0.0	0.0	65.1	47.92	0.0	0.0
2026-05-01 06:05	18.389	44.0	8.844	1004.708	0.0	0.0	180.0	0.0	23.32	0.0	0.0	65.1	47.92	0.0	0.0
2026-05-01 06:06	18.5	44.0	8.944	1004.606	0.0	0.0	180.0	0.0	24.63	0.0	0.0	65.3	48.1	0.0	0.0
2026-05-01 06:07	18.389	44.0	8.844	1004.81	0.0	0.0	180.0	0.0	25.97	0.0	0.0	65.1	47.92	0.0	0.0
2026-05-01 06:08	18.389	44.0	8.844	1004.606	0.0	0.0	180.0	0.0	27.28	0.0	0.0	65.1	47.92	0.0	0.0
2026-05-01 06:09	18.389	44.0	8.844	1004.505	0.0	0.0	180.0	0.0	28.62	0.0	0.0	65.1	47.92	0.0	0.0
2026-05-01 06:10	18.389	44.0	8.844	1004.81	0.0	0.0	180.0	0.0	29.6	0.0	0.0	65.1	47.92	0.0	0.0
2026-05-01 06:11	18.389	44.0	8.844	1004.606	0.0	0.0	180.0	0.0	30.96	0.0	0.0	65.1	47.92	0.0	0.0
2026-05-01 06:12	18.389	44.0	8.844	1004.911	0.0	0.0	180.0	0.0	32.41	0.0	0.0	65.1	47.92	0.0	0.0
2026-05-01 06:13	18.389	44.0	8.844	1004.81	0.0	0.0	180.0	0.0	33.92	0.0	0.0	65.1	47.92	0.0	0.0
2026-05-01 06:14	18.389	44.0	8.844	1004.708	0.0	0.0	180.0	0.0	35.66	0.0	0.0	65.1	47.92	0.0	0.0
2026-05-01 06:15	18.389	44.0	8.844	1004.81	0.0	0.0	180.0	0.0	36.96	0.0	0.0	65.1	47.92	0.0	0.0
2026-05-01 06:16	18.389	44.0	8.844	1004.81	0.0	0.0	181.0	0.0	38.61	0.0	0.0	65.1	47.92	0.0	0.0
2026-05-01 06:17	18.389	44.0	8.844	1004.911	0.0	0.0	181.0	0.0	40.34	0.0	0.0	65.1	47.92	0.0	0.0
2026-05-01 06:18	18.389	44.0	8.844	1004.708	0.0	0.0	181.0	0.0	42.05	0.0	0.0	65.1	47.92	0.0	0.0
2026-05-01 06:19	18.278	44.0	8.744	1004.708	0.0	0.0	181.0	0.0	43.88	0.0	0.0	64.9	47.74	0.0	0.0
2026-05-01 06:20	18.278	44.0	8.744	1004.911	0.0	0.0	181.0	0.0	45.19	0.0	0.0	64.9	47.74	0.0	0.0
2026-05-01 06:21	18.278	44.0	8.744	1004.708	0.0	0.0	181.0	0.0	47.1	0.0	0.0	64.9	47.74	0.0	0.0
2026-05-01 06:22	18.389	44.0	8.844	1004.81	0.0	0.0	181.0	0.0	49.04	0.0	0.0	65.1	47.92	0.0	0.0
2026-05-01 06:23	18.278	45.0	8.989	1004.81	0.0	0.0	181.0	0.0	50.99	0.0	0.0	64.9	48.18	0.0	0.0
2026-05-01 06:24	18.278	45.0	8.989	1004.81	0.0	0.0	181.0	0.0	52.94	0.0	0.0	64.9	48.18	0.0	0.0
2026-05-01 06:25	18.278	45.0	8.989	1005.114	0.0	0.0	181.0	0.0	54.97	0.0	0.0	64.9	48.18	0.0	0.0
2026-05-01 06:26	18.278	45.0	8.989	1005.013	0.0	0.0	181.0	0.0	56.54	0.0	0.0	64.9	48.18	0.0	0.0
2026-05-01 06:27	18.278	45.0	8.989	1004.911	0.0	0.0	181.0	0.0	58.67	0.0	0.0	64.9	48.18	0.0	0.0
2026-05-01 06:28	18.278	45.0	8.989	1005.114	0.0	0.0	181.0	0.0	60.77	0.0	0.0	64.9	48.18	0.0	0.0
2026-05-01 06:29	18.278	46.0	9.233	1004.911	0.0	0.0	181.0	0.0	62.91	0.0	0.0	64.9	48.62	0.0	0.0
2026-05-01 06:30	18.278	45.0	8.989	1005.013	0.0	0.0	181.0	0.0	65.15	0.0	0.0	64.9	48.18	0.0	0.0
2026-05-01 06:31	18.278	45.0	8.989	1005.013	0.0	0.0	181.0	0.0	66.87	0.0	0.0	64.9	48.18	0.0	0.0
2026-05-01 06:32	18.278	45.0	8.989	1005.114	0.0	0.0	181.0	0.0	69.26	0.0	0.0	64.9	48.18	0.0	0.0
2026-05-01 06:33	18.278	45.0	8.989	1005.216	0.0	0.0	181.0	0.0	71.53	0.0	0.0	64.9	48.18	0.0	0.0
2026-05-01 06:34	18.389	45.0	9.089	1005.216	0.0	0.0	181.0	0.0	73.96	0.0	0.0	65.1	48.36	0.0	0.0
2026-05-01 06:35	18.389	46.0	9.333	1005.318	0.0	0.0	181.0	0.0	76.49	0.0	0.0	65.1	48.8	0.0	0.0
2026-05-01 06:36	18.389	46.0	9.333	1005.114	0.0	0.0	181.0	0.0	78.29	0.0	0.0	65.1	48.8	0.0	0.0
2026-05-01 06:37	18.389	46.0	9.333	1005.216	0.0	0.0	181.0	0.0	80.86	0.0	0.0	65.1	48.8	0.0	0.0
2026-05-01 06:38	18.389	46.0	9.333	1005.216	0.0	0.0	181.0	0.0	83.54	0.0	0.0	65.1	48.8	0.0	0.0
2026-05-01 06:39	18.389	46.0	9.333	1005.114	0.0	0.0	181.0	0.0	86.26	0.0	0.0	65.1	48.8	0.0	0.0
2026-05-01 06:40	18.389	46.0	9.333	1005.114	0.0	0.0	190.0	0.0	89.16	0.0	0.0	65.1	48.8	0.0	0.0
2026-05-01 06:41	18.5	46.0	9.433	1005.114	0.398	0.501	197.0	0.0	91.34	0.0	0.0	65.3	48.98	0.89	1.12
2026-05-01 06:42	18.5	46.0	9.433	1005.318	0.3	0.501	196.0	0.0	94.18	0.0	0.0	65.3	48.98	0.67	1.12
2026-05-01 06:43	18.5	46.0	9.433	1005.216	0.0	0.0	199.0	0.0	97.17	0.0	0.0	65.3	48.98	0.0	0.0
2026-05-01 06:44	18.5	46.0	9.433	1005.114	0.098	0.501	197.0	0.0	99.85	0.0	0.0	65.3	48.98	0.22	1.12
2026-05-01 06:45	18.5	46.0	9.433	1005.216	0.0	0.0	197.0	0.0	102.07	0.0	0.0	65.3	48.98	0.0	0.0
2026-05-01 06:46	18.611	46.0	9.533	1005.318	0.0	0.0	198.0	1.0	104.87	0.0	0.0	65.5	49.16	0.0	0.0
2026-05-01 06:47	18.611	46.0	9.533	1005.114	0.0	0.0	199.0	1.0	107.94	0.0	0.0	65.5	49.16	0.0	0.0
2026-05-01 06:48	18.611	46.0	9.533	1005.114	0.0	0.0	200.0	1.0	111.07	0.0	0.0	65.5	49.16	0.0	0.0
2026-05-01 06:49	18.611	46.0	9.533	1005.216	0.0	0.0	200.0	1.0	114.25	0.0	0.0	65.5	49.16	0.0	0.0
2026-05-01 06:50	18.722	46.0	9.633	1005.385	0.0	0.0	200.0	1.0	117.21	0.0	0.0	65.7	49.34	0.0	0.0
2026-05-01 06:51	18.722	46.0	9.633	1005.487	0.0	0.0	200.0	1.0	120.36	0.0	0.0	65.7	49.34	0.0	0.0
2026-05-01 06:52	18.722	46.0	9.633	1005.318	0.398	0.501	201.0	1.0	122.82	0.0	0.0	65.7	49.34	0.89	1.12
2026-05-01 06:53	18.722	46.0	9.633	1005.318	0.501	0.501	203.0	1.0	125.9	0.0	0.0	65.7	49.34	1.12	1.12
2026-05-01 06:54	18.778	46.0	9.683	1005.318	0.0	0.0	197.0	1.0	128.86	0.0	0.0	65.8	49.43	0.0	0.0
2026-05-01 06:55	18.778	46.0	9.683	1005.318	0.0	0.0	197.0	1.0	132.04	0.0	0.0	65.8	49.43	0.0	0.0
2026-05-01 06:56	18.778	47.0	9.922	1005.385	0.0	0.0	196.0	1.0	135.54	0.0	0.0	65.8	49.86	0.0	0.0
2026-05-01 06:57	18.889	47.0	10.022	1005.385	0.0	0.0	195.0	1.0	139.12	0.0	0.0	66.0	50.04	0.0	0.0
2026-05-01 06:58	18.889	47.0	10.022	1005.385	0.0	0.0	195.0	1.0	141.51	0.0	0.0	66.0	50.04	0.0	0.0
2026-05-01 06:59	18.778	46.0	9.683	1005.487	0.0	0.0	196.0	1.0	144.76	0.0	0.0	65.8	49.43	0.0	0.0
2026-05-01 07:00	18.889	46.0	9.783	1005.385	0.0	0.0	196.0	1.0	148.07	0.0	0.0	66.0	49.61	0.0	0.0
2026-05-01 07:01	19.0	46.0	9.878	1005.589	0.0	0.0	196.0	1.0	151.64	0.0	0.0	66.2	49.78	0.0	0.0
2026-05-01 07:02	19.0	46.0	9.878	1005.318	0.0	0.0	199.0	1.0	155.0	0.0	0.0	66.2	49.78	0.0	0.0
2026-05-01 07:03	19.0	46.0	9.878	1005.487	0.201	0.501	199.0	1.0	157.57	0.0	0.0	66.2	49.78	0.45	1.12
2026-05-01 07:04	19.0	46.0	9.878	1005.487	0.201	0.501	199.0	1.0	157.57	0.0	0.0	66.2	49.78	0.45	1.12
2026-05-01 07:05	19.0	46.0	9.878	1005.589	0.3	0.501	197.0	1.0	161.18	0.0	0.0	66.2	49.78	0.67	1.12
2026-05-01 07:06	19.0	46.0	9.878	1005.589	0.501	0.501	201.0	1.0	164.99	0.0	0.0	66.2	49.78	1.12	1.12
2026-05-01 07:07	19.111	46.0	9.978	1005.487	0.398	0.501	200.0	1.0	168.67	0.0	0.0	66.4	49.96	0.89	1.12
2026-05-01 07:08	19.111	46.0	9.978	1005.589	0.398	0.501	200.0	1.0	172.28	0.0	0.0	66.4	49.96	0.89	1.12
2026-05-01 07:09	19.111	46.0	9.978	1005.487	0.0	0.0	196.0	1.0	174.78	0.0	0.0	66.4	49.96	0.0	0.0
2026-05-01 07:10	19.222	45.0	9.833	1005.69	0.0	0.0	194.0	1.0	178.03	0.0	0.0	66.6	49.7	0.0	0.0
2026-05-01 07:11	19.222	46.0	10.078	1005.385	0.0	0.0	193.0	1.0	181.53	0.0	0.0	66.6	50.14	0.0	0.0
2026-05-01 07:12	19.222	45.0	9.833	1005.589	0.0	0.0	193.0	1.0	184.98	0.0	0.0	66.6	49.7	0.0	0.0
2026-05-01 07:13	19.278	45.0	9.883	1005.69	0.501	1.001	212.0	1.0	189.16	0.0	0.0	66.7	49.79	1.12	2.24
2026-05-01 07:14	19.278	45.0	9.883	1005.589	0.0	0.0	193.0	1.0	192.14	0.0	0.0	66.7	49.79	0.0	0.0
2026-05-01 07:15	19.278	45.0	9.883	1005.893	0.3	0.501	194.0	1.0	195.26	0.0	0.0	66.7	49.79	0.67	1.12
2026-05-01 07:16	19.278	45.0	9.883	1005.792	0.0	0.0	192.0	1.0	198.94	0.0	0.0	66.7	49.79	0.0	0.0
2026-05-01 07:17	19.389	45.0	9.983	1005.792	0.3	0.501	197.0	1.0	202.9	0.0	0.0	66.9	49.97	0.67	1.12
2026-05-01 07:18	19.389	45.0	9.983	1005.792	0.0	0.0	198.0	2.0	206.43	0.0	0.0	66.9	49.97	0.0	0.0
2026-05-01 07:19	19.5	45.0	10.083	1005.792	0.398	0.501	203.0	2.0	210.13	0.0	0.0	67.1	50.15	0.89	1.12
2026-05-01 07:20	19.5	45.0	10.083	1005.69	0.201	0.501	193.0	2.0	212.54	0.0	0.0	67.1	50.15	0.45	1.12
2026-05-01 07:21	19.5	45.0	10.083	1005.589	0.0	0.0	194.0	2.0	216.32	0.0	0.0	67.1	50.15	0.0	0.0
2026-05-01 07:22	19.5	45.0	10.083	1005.69	0.501	0.501	198.0	2.0	219.8	0.0	0.0	67.1	50.15	1.12	1.12
2026-05-01 07:23	19.611	44.0	9.933	1005.792	0.3	0.501	199.0	2.0	223.74	0.0	0.0	67.3	49.88	0.67	1.12
2026-05-01 07:24	19.722	44.0	10.033	1005.995	0.201	0.501	177.0	2.0	226.97	0.0	0.0	67.5	50.06	0.45	1.12
2026-05-01 07:25	19.722	44.0	10.033	1005.893	0.201	0.501	196.0	2.0	230.24	0.0	0.0	67.5	50.06	0.45	1.12
2026-05-01 07:26	19.722	44.0	10.033	1005.792	0.0	0.0	196.0	2.0	233.72	0.0	0.0	67.5	50.06	0.0	0.0
2026-05-01 07:27	19.722	44.0	10.033	1005.792	0.0	0.0	196.0	2.0	237.48	0.0	0.0	67.5	50.06	0.0	0.0
2026-05-01 07:28	19.778	44.0	10.078	1005.792	0.0	0.0	196.0	2.0	241.32	0.0	0.0	67.6	50.14	0.0	0.0
2026-05-01 07:29	19.889	44.0	10.178	1005.893	0.0	0.0	196.0	2.0	245.46	0.0	0.0	67.8	50.32	0.0	0.0
2026-05-01 07:30	19.889	44.0	10.178	1005.792	0.0	0.0	196.0	2.0	249.0	0.0	0.0	67.8	50.32	0.0	0.0
2026-05-01 07:31	19.889	44.0	10.178	1005.995	0.0	0.0	196.0	2.0	252.0	0.0	0.0	67.8	50.32	0.0	0.0
2026-05-01 07:32	19.889	44.0	10.178	1006.096	0.0	0.0	196.0	2.0	255.87	0.0	0.0	67.8	50.32	0.0	0.0
2026-05-01 07:33	20.0	44.0	10.278	1005.995	0.0	0.0	181.0	2.0	259.39	0.0	0.0	68.0	50.5	0.0	0.0
2026-05-01 07:34	20.0	44.0	10.278	1005.995	0.0	0.0	184.0	2.0	263.8	0.0	0.0	68.0	50.5	0.0	0.0
2026-05-01 07:35	20.0	44.0	10.278	1005.995	0.0	0.0	186.0	2.0	268.04	0.0	0.0	68.0	50.5	0.0	0.0
2026-05-01 07:36	20.111	44.0	10.378	1005.893	0.0	0.0	193.0	2.0	271.22	0.0	0.0	68.2	50.68	0.0	0.0
2026-05-01 07:37	20.111	44.0	10.378	1005.893	0.0	0.0	185.0	2.0	274.77	0.0	0.0	68.2	50.68	0.0	0.0
2026-05-01 07:38	20.222	43.0	10.217	1006.096	0.0	0.0	193.0	2.0	279.18	0.0	0.0	68.4	50.39	0.0	0.0
2026-05-01 07:39	20.222	43.0	10.217	1006.198	0.0	0.0	189.0	2.0	283.12	0.0	0.0	68.4	50.39	0.0	0.0
2026-05-01 07:40	20.278	43.0	10.267	1006.096	0.0	0.0	188.0	2.0	286.76	0.0	0.0	68.5	50.48	0.0	0.0
2026-05-01 07:41	20.278	43.0	10.267	1005.995	0.0	0.0	181.0	2.0	290.07	0.0	0.0	68.5	50.48	0.0	0.0
2026-05-01 07:42	20.389	43.0	10.367	1006.096	0.0	0.0	188.0	2.0	293.96	0.0	0.0	68.7	50.66	0.0	0.0
2026-05-01 07:43	20.389	43.0	10.367	1005.893	0.0	0.0	188.0	2.0	298.37	0.0	0.0	68.7	50.66	0.0	0.0
2026-05-01 07:44	20.5	43.0	10.467	1006.096	0.0	0.0	184.0	2.0	301.82	0.0	0.0	68.9	50.84	0.0	0.0
2026-05-01 07:45	20.5	43.0	10.467	1006.198	0.0	0.0	184.0	2.0	304.96	0.0	0.0	68.9	50.84	0.0	0.0
2026-05-01 07:46	20.611	43.0	10.567	1006.198	0.0	0.0	183.0	3.0	309.27	0.0	0.0	69.1	51.02	0.0	0.0
2026-05-01 07:47	20.611	43.0	10.567	1006.096	0.0	0.0	185.0	3.0	313.2	0.0	0.0	69.1	51.02	0.0	0.0
2026-05-01 07:48	20.611	43.0	10.567	1005.893	0.0	0.0	189.0	3.0	316.55	0.0	0.0	69.1	51.02	0.0	0.0
2026-05-01 07:49	20.722	42.0	10.4	1005.893	0.0	0.0	182.0	3.0	320.69	0.0	0.0	69.3	50.72	0.0	0.0
2026-05-01 07:50	20.778	42.0	10.45	1006.096	0.0	0.0	190.0	3.0	325.19	0.0	0.0	69.4	50.81	0.0	0.0
2026-05-01 07:51	20.889	42.0	10.544	1005.995	0.0	0.0	190.0	3.0	329.42	0.0	0.0	69.6	50.98	0.0	0.0
2026-05-01 07:52	20.889	42.0	10.544	1005.893	0.0	0.0	184.0	3.0	332.2	0.0	0.0	69.6	50.98	0.0	0.0
2026-05-01 07:53	20.889	42.0	10.544	1005.995	0.0	0.0	192.0	3.0	336.27	0.0	0.0	69.6	50.98	0.0	0.0
2026-05-01 07:54	21.0	42.0	10.644	1006.096	0.0	0.0	185.0	3.0	339.74	0.0	0.0	69.8	51.16	0.0	0.0
2026-05-01 07:55	21.0	42.0	10.644	1006.096	0.3	0.501	165.0	3.0	343.88	0.0	0.0	69.8	51.16	0.67	1.12
2026-05-01 07:56	21.111	42.0	10.744	1006.096	0.398	0.501	177.0	3.0	348.56	0.0	0.0	70.0	51.34	0.89	1.12
2026-05-01 07:57	21.111	42.0	10.744	1005.995	0.501	0.501	144.0	3.0	352.47	0.0	0.0	70.0	51.34	1.12	1.12
2026-05-01 07:58	21.222	41.0	10.572	1006.198	0.3	0.501	196.0	3.0	355.97	0.0	0.0	70.2	51.03	0.67	1.12
2026-05-01 07:59	21.222	41.0	10.572	1005.995	0.501	0.501	196.0	3.0	360.67	0.0	0.0	70.2	51.03	1.12	1.12
2026-05-01 08:00	21.389	41.0	10.717	1006.198	0.702	1.001	165.0	3.0	363.76	0.0	0.0	70.5	51.29	1.57	2.24
2026-05-01 08:01	21.389	41.0	10.717	1006.096	0.599	1.001	180.0	3.0	368.25	0.0	0.0	70.5	51.29	1.34	2.24
2026-05-01 08:02	21.5	41.0	10.817	1006.198	0.0	0.0	175.0	3.0	371.58	0.0	0.0	70.7	51.47	0.0	0.0
2026-05-01 08:03	21.5	41.0	10.817	1006.3	0.3	0.501	180.0	3.0	374.85	0.0	0.0	70.7	51.47	0.67	1.12
2026-05-01 08:04	21.5	41.0	10.817	1006.3	0.3	0.501	180.0	3.0	374.85	0.0	0.0	70.7	51.47	0.67	1.12
2026-05-01 08:05	21.611	41.0	10.911	1006.198	0.0	0.0	196.0	3.0	378.56	0.0	0.0	70.9	51.64	0.0	0.0
2026-05-01 08:06	21.611	41.0	10.911	1006.3	0.0	0.0	166.0	3.0	382.56	0.0	0.0	70.9	51.64	0.0	0.0
2026-05-01 08:07	21.722	40.0	10.733	1006.198	0.3	0.501	177.0	3.0	387.56	0.0	0.0	71.1	51.32	0.67	1.12
2026-05-01 08:08	21.778	40.0	10.783	1005.995	0.0	0.0	186.0	3.0	391.15	0.0	0.0	71.2	51.41	0.0	0.0
2026-05-01 08:09	21.778	40.0	10.783	1005.995	0.0	0.0	183.0	3.0	393.73	0.0	0.0	71.2	51.41	0.0	0.0
2026-05-01 08:10	21.889	40.0	10.878	1006.096	0.0	0.0	191.0	3.0	399.16	0.0	0.0	71.4	51.58	0.0	0.0
2026-05-01 08:11	21.889	40.0	10.878	1006.401	0.0	0.0	190.0	3.0	401.63	0.0	0.0	71.4	51.58	0.0	0.0
2026-05-01 08:12	22.0	40.0	10.978	1006.198	0.098	0.501	201.0	3.0	405.67	0.0	0.0	71.6	51.76	0.22	1.12
2026-05-01 08:13	22.0	40.0	10.978	1006.3	0.0	0.0	184.0	3.0	409.94	0.0	0.0	71.6	51.76	0.0	0.0
2026-05-01 08:14	22.0	40.0	10.978	1006.3	0.0	0.0	185.0	4.0	413.29	0.0	0.0	71.6	51.76	0.0	0.0
2026-05-01 08:15	22.111	40.0	11.072	1006.198	0.3	0.501	177.0	4.0	419.15	0.0	0.0	71.8	51.93	0.67	1.12
2026-05-01 08:16	22.111	40.0	11.072	1006.198	0.098	0.501	176.0	4.0	424.03	0.0	0.0	71.8	51.93	0.22	1.12
2026-05-01 08:17	22.222	39.0	10.889	1006.3	0.501	0.501	166.0	4.0	428.94	0.0	0.0	72.0	51.6	1.12	1.12
2026-05-01 08:18	22.278	39.0	10.933	1006.096	0.599	1.001	186.0	4.0	433.31	0.0	0.0	72.1	51.68	1.34	2.24
2026-05-01 08:19	22.278	39.0	10.933	1006.096	0.3	0.501	185.0	4.0	437.78	0.0	0.0	72.1	51.68	0.67	1.12
2026-05-01 08:20	22.278	39.0	10.933	1006.198	0.201	0.501	192.0	4.0	441.15	0.0	0.0	72.1	51.68	0.45	1.12
2026-05-01 08:21	22.389	39.0	11.033	1006.3	0.398	0.501	195.0	4.0	445.64	0.0	0.0	72.3	51.86	0.89	1.12
2026-05-01 08:22	22.5	39.0	11.128	1006.198	0.501	0.501	215.0	4.0	451.06	0.0	0.0	72.5	52.03	1.12	1.12
2026-05-01 08:23	22.611	38.0	10.933	1006.198	0.0	0.0	183.0	4.0	453.8	0.0	0.0	72.7	51.68	0.0	0.0
2026-05-01 08:24	22.722	38.0	11.028	1006.3	0.0	0.0	187.0	4.0	458.29	0.0	0.0	72.9	51.85	0.0	0.0
2026-05-01 08:25	22.722	38.0	11.028	1006.3	0.3	0.501	187.0	4.0	462.15	0.0	0.0	72.9	51.85	0.67	1.12
2026-05-01 08:26	22.722	38.0	11.028	1006.3	0.098	0.501	186.0	4.0	465.42	0.0	0.0	72.9	51.85	0.22	1.12
2026-05-01 08:27	22.778	39.0	11.372	1006.3	0.201	0.501	205.0	4.0	470.99	0.0	0.0	73.0	52.47	0.45	1.12
2026-05-01 08:28	23.0	38.0	11.272	1006.401	0.201	0.501	177.0	4.0	473.98	0.0	0.0	73.4	52.29	0.45	1.12
2026-05-01 08:29	23.111	38.0	11.367	1006.401	0.0	0.0	192.0	4.0	478.03	0.0	0.0	73.6	52.46	0.0	0.0
2026-05-01 08:30	23.111	38.0	11.367	1006.3	0.201	0.501	179.0	4.0	480.74	0.0	0.0	73.6	52.46	0.45	1.12
2026-05-01 08:31	23.111	38.0	11.367	1006.503	0.0	0.0	204.0	4.0	483.81	0.0	0.0	73.6	52.46	0.0	0.0
2026-05-01 08:32	23.222	37.0	11.167	1006.401	0.8	1.001	189.0	4.0	487.82	0.0	0.0	73.8	52.1	1.79	2.24
2026-05-01 08:33	23.389	37.0	11.311	1006.503	0.098	0.501	200.0	4.0	492.33	0.0	0.0	74.1	52.36	0.22	1.12
2026-05-01 08:34	23.389	37.0	11.311	1006.503	0.098	0.501	177.0	4.0	494.98	0.0	0.0	74.1	52.36	0.22	1.12
2026-05-01 08:35	23.5	37.0	11.406	1006.401	0.098	0.501	197.0	4.0	499.49	0.0	0.0	74.3	52.53	0.22	1.12
2026-05-01 08:36	23.611	37.0	11.5	1006.503	0.0	0.0	188.0	4.0	503.31	0.0	0.0	74.5	52.7	0.0	0.0
2026-05-01 08:37	23.611	37.0	11.5	1006.503	0.0	0.0	181.0	4.0	507.4	0.0	0.0	74.5	52.7	0.0	0.0
2026-05-01 08:38	23.722	36.0	11.289	1006.401	0.201	0.501	187.0	4.0	511.29	0.0	0.0	74.7	52.32	0.45	1.12
2026-05-01 08:39	23.778	36.0	11.333	1006.604	0.0	0.0	195.0	5.0	515.95	0.0	0.0	74.8	52.4	0.0	0.0
2026-05-01 08:40	23.778	36.0	11.333	1006.401	0.501	0.501	212.0	5.0	519.89	0.0	0.0	74.8	52.4	1.12	1.12
2026-05-01 08:41	23.889	36.0	11.433	1006.401	0.0	0.0	193.0	5.0	523.21	0.0	0.0	75.0	52.58	0.0	0.0
2026-05-01 08:42	24.0	36.0	11.528	1006.604	0.0	0.0	185.0	5.0	527.72	0.0	0.0	75.2	52.75	0.0	0.0
2026-05-01 08:43	24.0	36.0	11.528	1006.604	0.599	1.001	172.0	5.0	529.72	0.0	0.0	75.2	52.75	1.34	2.24
2026-05-01 08:44	24.111	36.0	11.622	1006.503	0.0	0.0	185.0	5.0	535.04	0.0	0.0	75.4	52.92	0.0	0.0
2026-05-01 08:45	24.222	36.0	11.717	1006.604	0.398	0.501	194.0	5.0	538.71	0.0	0.0	75.6	53.09	0.89	1.12
2026-05-01 08:46	24.222	36.0	11.717	1006.503	0.3	0.501	181.0	5.0	543.01	0.0	0.0	75.6	53.09	0.67	1.12
2026-05-01 08:47	24.278	35.0	11.45	1006.604	0.3	0.501	200.0	5.0	548.37	0.0	0.0	75.7	52.61	0.67	1.12
2026-05-01 08:48	24.278	35.0	11.45	1006.604	0.599	1.001	155.0	5.0	551.25	0.0	0.0	75.7	52.61	1.34	2.24
2026-05-01 08:49	24.389	35.0	11.544	1006.604	0.398	0.501	198.0	5.0	556.38	0.0	0.0	75.9	52.78	0.89	1.12
2026-05-01 08:50	24.389	35.0	11.544	1006.503	0.3	0.501	186.0	5.0	560.06	0.0	0.0	75.9	52.78	0.67	1.12
2026-05-01 08:51	24.5	35.0	11.639	1006.503	0.0	0.0	191.0	5.0	564.85	0.0	0.0	76.1	52.95	0.0	0.0
2026-05-01 08:52	24.5	35.0	11.639	1006.604	1.001	1.001	159.0	5.0	566.65	0.0	0.0	76.1	52.95	2.24	2.24
2026-05-01 08:53	24.5	35.0	11.639	1006.604	0.098	0.501	187.0	5.0	570.96	0.0	0.0	76.1	52.95	0.22	1.12
2026-05-01 08:54	24.611	35.0	11.733	1006.706	0.098	0.501	221.0	5.0	574.65	0.0	0.0	76.3	53.12	0.22	1.12
2026-05-01 08:55	24.722	35.0	11.828	1006.706	0.098	0.501	178.0	5.0	577.67	0.0	0.0	76.5	53.29	0.22	1.12
2026-05-01 08:56	24.722	35.0	11.828	1006.604	0.201	0.501	198.0	5.0	582.22	0.0	0.0	76.5	53.29	0.45	1.12
2026-05-01 08:57	24.722	35.0	11.828	1006.706	0.398	0.501	192.0	5.0	584.81	0.0	0.0	76.5	53.29	0.89	1.12
2026-05-01 08:58	24.778	35.0	11.878	1006.604	0.0	0.0	191.0	5.0	589.1	0.0	0.0	76.6	53.38	0.0	0.0
2026-05-01 08:59	24.778	35.0	11.878	1006.604	1.1	1.502	195.0	5.0	592.87	0.0	0.0	76.6	53.38	2.46	3.36
2026-05-01 09:00	24.889	35.0	11.972	1006.706	0.0	0.0	177.0	5.0	596.07	0.0	0.0	76.8	53.55	0.0	0.0
2026-05-01 09:01	24.889	35.0	11.972	1006.604	0.0	0.0	192.0	5.0	600.22	0.0	0.0	76.8	53.55	0.0	0.0
2026-05-01 09:02	24.889	35.0	11.972	1006.706	0.3	0.501	192.0	5.0	602.98	0.0	0.0	76.8	53.55	0.67	1.12
2026-05-01 09:03	25.0	35.0	12.067	1006.604	0.3	0.501	192.0	5.0	607.28	0.0	0.0	77.0	53.72	0.67	1.12
2026-05-01 09:04	25.0	35.0	12.067	1006.604	0.0	0.0	191.0	5.0	611.31	0.0	0.0	77.0	53.72	0.0	0.0
2026-05-01 09:05	25.222	34.0	11.928	1006.604	0.3	0.501	227.0	6.0	616.62	0.0	0.0	77.4	53.47	0.67	1.12
2026-05-01 09:06	25.222	34.0	11.928	1006.604	0.3	0.501	227.0	6.0	616.62	0.0	0.0	77.4	53.47	0.67	1.12
2026-05-01 09:07	25.222	34.0	11.928	1006.706	0.098	0.501	200.0	6.0	621.02	0.0	0.0	77.4	53.47	0.22	1.12
2026-05-01 09:08	25.278	34.0	11.978	1006.604	0.0	0.0	186.0	6.0	624.34	0.0	0.0	77.5	53.56	0.0	0.0
2026-05-01 09:09	25.278	34.0	11.978	1006.604	0.098	0.501	194.0	6.0	626.37	0.0	0.0	77.5	53.56	0.22	1.12
2026-05-01 09:10	25.278	34.0	11.978	1006.604	0.098	0.501	190.0	6.0	629.62	0.0	0.0	77.5	53.56	0.22	1.12
2026-05-01 09:11	25.389	34.0	12.072	1006.604	0.0	0.0	184.0	6.0	633.53	0.0	0.0	77.7	53.73	0.0	0.0
2026-05-01 09:12	25.5	34.0	12.167	1006.706	0.702	1.001	263.0	6.0	639.83	0.0	0.0	77.9	53.9	1.57	2.24
2026-05-01 09:13	25.5	33.0	11.828	1006.706	1.699	1.998	173.0	6.0	643.81	0.0	0.0	77.9	53.29	3.8	4.47
2026-05-01 09:14	25.5	33.0	11.828	1006.604	1.1	1.502	183.0	6.0	646.96	0.0	0.0	77.9	53.29	2.46	3.36
2026-05-01 09:15	25.5	34.0	12.167	1006.604	0.0	0.0	195.0	6.0	649.82	0.0	0.0	77.9	53.9	0.0	0.0
2026-05-01 09:16	25.5	34.0	12.167	1006.604	0.599	1.001	212.0	6.0	653.71	0.0	0.0	77.9	53.9	1.34	2.24
2026-05-01 09:17	25.611	34.0	12.261	1006.604	0.098	0.501	183.0	6.0	657.23	0.0	0.0	78.1	54.07	0.22	1.12
2026-05-01 09:18	25.611	34.0	12.261	1006.706	0.098	0.501	195.0	6.0	660.98	0.0	0.0	78.1	54.07	0.22	1.12
2026-05-01 09:19	25.611	34.0	12.261	1006.604	0.098	0.501	160.0	6.0	662.48	0.0	0.0	78.1	54.07	0.22	1.12
2026-05-01 09:20	25.611	34.0	12.261	1006.706	0.0	0.0	195.0	6.0	668.58	0.0	0.0	78.1	54.07	0.0	0.0
2026-05-01 09:21	25.611	33.0	11.922	1006.706	0.098	0.501	176.0	6.0	671.97	0.0	0.0	78.1	53.46	0.22	1.12
2026-05-01 09:22	25.722	34.0	12.356	1006.604	0.398	0.501	192.0	6.0	675.5	0.0	0.0	78.3	54.24	0.89	1.12
2026-05-01 09:23	25.778	33.0	12.061	1006.604	0.201	0.501	203.0	6.0	679.54	0.0	0.0	78.4	53.71	0.45	1.12
2026-05-01 09:24	25.778	33.0	12.061	1006.706	0.8	1.502	198.0	6.0	683.69	0.0	0.0	78.4	53.71	1.79	3.36
2026-05-01 09:25	25.778	33.0	12.061	1006.808	0.398	0.501	194.0	6.0	685.62	0.0	0.0	78.4	53.71	0.89	1.12
2026-05-01 09:26	25.778	33.0	12.061	1006.706	0.0	0.0	191.0	6.0	688.07	0.0	0.0	78.4	53.71	0.0	0.0
2026-05-01 09:27	25.778	33.0	12.061	1006.706	0.098	0.501	187.0	6.0	691.34	0.0	0.0	78.4	53.71	0.22	1.12
2026-05-01 09:28	25.889	33.0	12.156	1006.604	0.3	0.501	199.0	6.0	696.18	0.0	0.0	78.6	53.88	0.67	1.12
2026-05-01 09:29	25.889	33.0	12.156	1006.808	0.8	1.001	178.0	6.0	701.06	0.0	0.0	78.6	53.88	1.79	2.24
2026-05-01 09:30	25.889	33.0	12.156	1006.604	0.0	0.0	190.0	6.0	702.8	0.0	0.0	78.6	53.88	0.0	0.0
2026-05-01 09:31	25.889	33.0	12.156	1006.604	0.702	1.001	217.0	6.0	707.51	0.0	0.0	78.6	53.88	1.57	2.24
2026-05-01 09:32	25.889	33.0	12.156	1006.604	1.399	1.998	232.0	6.0	710.53	0.0	0.0	78.6	53.88	3.13	4.47
2026-05-01 09:33	26.0	32.0	11.9	1006.503	0.899	1.001	206.0	6.0	713.36	0.0	0.0	78.8	53.42	2.01	2.24
2026-05-01 09:34	26.0	33.0	12.25	1006.604	0.599	1.001	181.0	6.0	716.92	0.0	0.0	78.8	54.05	1.34	2.24
2026-05-01 09:35	26.0	33.0	12.25	1006.604	0.0	0.0	175.0	7.0	720.69	0.0	0.0	78.8	54.05	0.0	0.0
2026-05-01 09:36	26.0	33.0	12.25	1006.808	0.599	1.001	176.0	7.0	724.39	0.0	0.0	78.8	54.05	1.34	2.24
2026-05-01 09:37	26.111	33.0	12.344	1006.706	0.501	1.001	165.0	7.0	726.93	0.0	0.0	79.0	54.22	1.12	2.24
2026-05-01 09:38	26.111	33.0	12.344	1006.706	0.501	1.001	163.0	7.0	730.31	0.0	0.0	79.0	54.22	1.12	2.24
2026-05-01 09:39	26.111	33.0	12.344	1006.706	0.599	1.001	180.0	7.0	733.73	0.0	0.0	79.0	54.22	1.34	2.24
2026-05-01 09:40	26.222	33.0	12.439	1006.706	0.8	1.001	156.0	7.0	736.99	0.0	0.0	79.2	54.39	1.79	2.24
2026-05-01 09:41	26.222	33.0	12.439	1006.503	0.3	0.501	162.0	7.0	738.3	0.0	0.0	79.2	54.39	0.67	1.12
2026-05-01 09:42	26.278	32.0	12.133	1006.604	0.8	1.001	177.0	7.0	742.79	0.0	0.0	79.3	53.84	1.79	2.24
2026-05-01 09:43	26.278	33.0	12.489	1006.706	0.3	0.501	174.0	7.0	745.07	0.0	0.0	79.3	54.48	0.67	1.12
2026-05-01 09:44	26.278	33.0	12.489	1006.604	0.0	0.0	186.0	7.0	748.52	0.0	0.0	79.3	54.48	0.0	0.0
2026-05-01 09:45	26.389	33.0	12.583	1006.604	0.3	0.501	186.0	7.0	750.65	0.0	0.0	79.5	54.65	0.67	1.12
2026-05-01 09:46	26.389	33.0	12.583	1006.706	0.0	0.0	192.0	7.0	753.59	0.0	0.0	79.5	54.65	0.0	0.0
2026-05-01 09:47	26.5	32.0	12.322	1006.706	0.0	0.0	190.0	7.0	756.8	0.0	0.0	79.7	54.18	0.0	0.0
2026-05-01 09:48	26.5	32.0	12.322	1006.706	0.501	1.001	190.0	7.0	762.59	0.0	0.0	79.7	54.18	1.12	2.24
2026-05-01 09:49	26.5	32.0	12.322	1006.503	0.098	0.501	192.0	7.0	764.63	0.0	0.0	79.7	54.18	0.22	1.12
2026-05-01 09:50	26.5	32.0	12.322	1006.604	0.0	0.0	192.0	7.0	769.07	0.0	0.0	79.7	54.18	0.0	0.0
2026-05-01 09:51	26.5	32.0	12.322	1006.706	0.0	0.0	193.0	7.0	772.38	0.0	0.0	79.7	54.18	0.0	0.0
2026-05-01 09:52	26.5	32.0	12.322	1006.503	0.0	0.0	196.0	7.0	776.44	0.0	0.0	79.7	54.18	0.0	0.0
2026-05-01 09:53	26.611	33.0	12.772	1006.706	0.098	0.501	169.0	7.0	777.43	0.0	0.0	79.9	54.99	0.22	1.12
2026-05-01 09:54	26.611	32.0	12.417	1006.604	0.3	0.501	198.0	7.0	780.68	0.0	0.0	79.9	54.35	0.67	1.12
2026-05-01 09:55	26.722	32.0	12.511	1006.706	0.201	0.501	184.0	7.0	782.75	0.0	0.0	80.1	54.52	0.45	1.12
2026-05-01 09:56	26.722	32.0	12.511	1006.604	0.098	0.501	185.0	7.0	786.4	0.0	0.0	80.1	54.52	0.22	1.12
2026-05-01 09:57	26.722	32.0	12.511	1006.706	0.398	0.501	168.0	7.0	789.3	0.0	0.0	80.1	54.52	0.89	1.12
2026-05-01 09:58	26.722	32.0	12.511	1006.604	0.3	0.501	154.0	7.0	792.08	0.0	0.0	80.1	54.52	0.67	1.12
2026-05-01 09:59	26.722	32.0	12.511	1006.909	0.398	1.001	139.0	7.0	794.9	0.0	0.0	80.1	54.52	0.89	2.24
2026-05-01 10:00	26.722	32.0	12.511	1006.706	0.398	0.501	184.0	7.0	799.39	0.0	0.0	80.1	54.52	0.89	1.12
2026-05-01 10:01	26.722	32.0	12.511	1006.604	0.098	0.501	194.0	7.0	800.81	0.0	0.0	80.1	54.52	0.22	1.12
2026-05-01 10:02	26.722	32.0	12.511	1006.706	0.0	0.0	184.0	7.0	803.5	0.0	0.0	80.1	54.52	0.0	0.0
2026-05-01 10:03	26.722	32.0	12.511	1006.706	0.201	0.501	183.0	7.0	806.32	0.0	0.0	80.1	54.52	0.45	1.12
2026-05-01 10:04	26.722	32.0	12.511	1006.706	0.0	0.0	191.0	7.0	808.58	0.0	0.0	80.1	54.52	0.0	0.0
2026-05-01 10:05	26.778	32.0	12.561	1006.706	0.098	0.501	202.0	7.0	814.64	0.0	0.0	80.2	54.61	0.22	1.12
2026-05-01 10:06	26.778	32.0	12.561	1006.808	0.0	0.0	187.0	7.0	816.29	0.0	0.0	80.2	54.61	0.0	0.0
2026-05-01 10:07	26.778	32.0	12.561	1006.808	0.0	0.0	187.0	7.0	816.29	0.0	0.0	80.2	54.61	0.0	0.0
2026-05-01 10:08	26.778	32.0	12.561	1006.909	0.098	0.501	189.0	7.0	820.0	0.0	0.0	80.2	54.61	0.22	1.12
2026-05-01 10:09	26.778	32.0	12.561	1006.706	0.398	0.501	184.0	8.0	821.86	0.0	0.0	80.2	54.61	0.89	1.12
2026-05-01 10:10	26.889	31.0	12.289	1006.706	0.8	1.502	188.0	8.0	824.61	0.0	0.0	80.4	54.12	1.79	3.36
2026-05-01 10:11	26.889	31.0	12.289	1006.909	0.8	1.001	143.0	8.0	827.13	0.0	0.0	80.4	54.12	1.79	2.24
2026-05-01 10:12	26.889	31.0	12.289	1006.909	0.0	0.0	204.0	8.0	830.19	0.0	0.0	80.4	54.12	0.0	0.0
2026-05-01 10:13	26.889	31.0	12.289	1006.808	1.1	1.502	240.0	8.0	833.83	0.0	0.0	80.4	54.12	2.46	3.36
2026-05-01 10:14	26.889	31.0	12.289	1006.706	0.398	1.001	218.0	8.0	836.23	0.0	0.0	80.4	54.12	0.89	2.24
2026-05-01 10:15	26.889	31.0	12.289	1006.706	0.3	0.501	197.0	8.0	837.76	0.0	0.0	80.4	54.12	0.67	1.12
2026-05-01 10:16	26.778	31.0	12.194	1006.808	0.3	0.501	188.0	8.0	840.99	0.0	0.0	80.2	53.95	0.67	1.12
2026-05-01 10:17	26.778	31.0	12.194	1006.808	0.098	0.501	250.0	8.0	844.54	0.0	0.0	80.2	53.95	0.22	1.12
2026-05-01 10:18	26.778	31.0	12.194	1006.706	0.501	0.501	210.0	8.0	847.1	0.0	0.0	80.2	53.95	1.12	1.12
2026-05-01 10:19	26.778	31.0	12.194	1006.604	0.899	1.502	215.0	8.0	848.78	0.0	0.0	80.2	53.95	2.01	3.36
2026-05-01 10:20	26.778	31.0	12.194	1006.706	0.201	0.501	197.0	8.0	850.83	0.0	0.0	80.2	53.95	0.45	1.12
2026-05-01 10:21	26.778	31.0	12.194	1006.604	0.8	1.001	202.0	8.0	852.75	0.0	0.0	80.2	53.95	1.79	2.24
2026-05-01 10:22	26.722	31.0	12.15	1006.706	0.501	0.501	210.0	8.0	855.79	0.0	0.0	80.1	53.87	1.12	1.12
2026-05-01 10:23	26.722	31.0	12.15	1006.503	1.699	1.998	249.0	8.0	858.88	0.0	0.0	80.1	53.87	3.8	4.47
2026-05-01 10:24	26.722	31.0	12.15	1006.503	0.098	0.501	191.0	8.0	860.75	0.0	0.0	80.1	53.87	0.22	1.12
2026-05-01 10:25	26.722	31.0	12.15	1006.604	0.201	0.501	198.0	8.0	861.59	0.0	0.0	80.1	53.87	0.45	1.12
2026-05-01 10:26	26.722	31.0	12.15	1006.503	0.599	1.001	186.0	8.0	865.01	0.0	0.0	80.1	53.87	1.34	2.24
2026-05-01 10:27	26.722	31.0	12.15	1006.706	0.098	0.501	192.0	8.0	868.21	0.0	0.0	80.1	53.87	0.22	1.12
2026-05-01 10:28	26.722	31.0	12.15	1006.909	0.098	0.501	187.0	8.0	870.59	0.0	0.0	80.1	53.87	0.22	1.12
2026-05-01 10:29	26.722	31.0	12.15	1006.706	0.0	0.0	189.0	8.0	873.28	0.0	0.0	80.1	53.87	0.0	0.0
2026-05-01 10:30	26.722	31.0	12.15	1006.604	0.0	0.0	208.0	8.0	875.71	0.0	0.0	80.1	53.87	0.0	0.0
2026-05-01 10:31	26.778	31.0	12.194	1006.706	0.098	0.501	158.0	8.0	878.6	0.0	0.0	80.2	53.95	0.22	1.12
2026-05-01 10:32	26.778	31.0	12.194	1006.706	0.599	1.001	185.0	8.0	883.35	0.0	0.0	80.2	53.95	1.34	2.24
2026-05-01 10:33	26.889	31.0	12.289	1006.706	0.0	0.0	187.0	8.0	883.16	0.0	0.0	80.4	54.12	0.0	0.0
2026-05-01 10:34	26.889	31.0	12.289	1006.808	0.398	0.501	190.0	8.0	884.98	0.0	0.0	80.4	54.12	0.89	1.12
2026-05-01 10:35	26.889	31.0	12.289	1006.808	0.3	0.501	197.0	8.0	888.0	0.0	0.0	80.4	54.12	0.67	1.12
2026-05-01 10:36	26.889	31.0	12.289	1006.604	1.001	1.001	240.0	8.0	891.59	0.0	0.0	80.4	54.12	2.24	2.24
2026-05-01 10:37	26.889	31.0	12.289	1006.604	0.201	0.501	197.0	8.0	892.83	0.0	0.0	80.4	54.12	0.45	1.12
2026-05-01 10:38	26.889	31.0	12.289	1006.706	0.501	0.501	171.0	8.0	894.59	0.0	0.0	80.4	54.12	1.12	1.12
2026-05-01 10:39	26.889	31.0	12.289	1006.706	0.3	0.501	162.0	8.0	897.29	0.0	0.0	80.4	54.12	0.67	1.12
2026-05-01 10:40	26.889	31.0	12.289	1006.706	1.001	1.001	164.0	8.0	901.03	0.0	0.0	80.4	54.12	2.24	2.24
2026-05-01 10:41	26.889	30.0	11.917	1006.604	0.098	0.501	200.0	8.0	902.18	0.0	0.0	80.4	53.45	0.22	1.12
2026-05-01 10:42	26.889	31.0	12.289	1006.604	0.0	0.0	201.0	8.0	903.36	0.0	0.0	80.4	54.12	0.0	0.0
2026-05-01 10:43	26.889	31.0	12.289	1006.604	0.0	0.0	201.0	8.0	905.13	0.0	0.0	80.4	54.12	0.0	0.0
2026-05-01 10:44	26.889	31.0	12.289	1006.706	0.3	0.501	202.0	8.0	908.33	0.0	0.0	80.4	54.12	0.67	1.12
2026-05-01 10:45	26.889	31.0	12.289	1006.604	0.3	0.501	165.0	8.0	908.93	0.0	0.0	80.4	54.12	0.67	1.12
2026-05-01 10:46	26.889	31.0	12.289	1006.604	0.098	0.501	187.0	8.0	912.9	0.0	0.0	80.4	54.12	0.22	1.12
2026-05-01 10:47	27.0	31.0	12.383	1006.808	0.0	0.0	179.0	8.0	914.83	0.0	0.0	80.6	54.29	0.0	0.0
2026-05-01 10:48	27.0	31.0	12.383	1006.604	0.398	0.501	193.0	8.0	917.92	0.0	0.0	80.6	54.29	0.89	1.12
2026-05-01 10:49	27.0	31.0	12.383	1006.604	1.1	1.998	137.0	8.0	920.18	0.0	0.0	80.6	54.29	2.46	4.47
2026-05-01 10:50	27.0	30.0	12.006	1006.604	1.1	1.502	85.0	8.0	922.0	0.0	0.0	80.6	53.61	2.46	3.36
2026-05-01 10:51	27.0	30.0	12.006	1006.503	0.201	0.501	200.0	9.0	923.59	0.0	0.0	80.6	53.61	0.45	1.12
2026-05-01 10:52	27.0	30.0	12.006	1006.401	0.599	1.001	180.0	9.0	927.07	0.0	0.0	80.6	53.61	1.34	2.24
2026-05-01 10:53	27.0	30.0	12.006	1006.503	0.398	0.501	202.0	9.0	927.81	0.0	0.0	80.6	53.61	0.89	1.12
2026-05-01 10:54	27.111	31.0	12.478	1006.503	0.3	0.501	195.0	9.0	928.6	0.0	0.0	80.8	54.46	0.67	1.12
2026-05-01 10:55	27.111	30.0	12.1	1006.503	0.098	0.501	195.0	9.0	931.85	0.0	0.0	80.8	53.78	0.22	1.12
2026-05-01 10:56	27.111	30.0	12.1	1006.503	0.098	0.501	148.0	9.0	934.2	0.0	0.0	80.8	53.78	0.22	1.12
2026-05-01 10:57	27.111	30.0	12.1	1006.706	1.001	1.502	206.0	9.0	935.96	0.0	0.0	80.8	53.78	2.24	3.36
2026-05-01 10:58	27.111	30.0	12.1	1006.503	0.398	1.001	114.0	9.0	938.53	0.0	0.0	80.8	53.78	0.89	2.24
2026-05-01 10:59	27.111	30.0	12.1	1006.503	1.301	1.502	150.0	9.0	940.13	0.0	0.0	80.8	53.78	2.91	3.36
2026-05-01 11:00	27.111	30.0	12.1	1006.604	1.301	1.502	170.0	9.0	942.4	0.0	0.0	80.8	53.78	2.91	3.36
2026-05-01 11:01	27.111	30.0	12.1	1006.401	0.599	1.001	188.0	9.0	944.59	0.0	0.0	80.8	53.78	1.34	2.24
2026-05-01 11:02	27.111	30.0	12.1	1006.401	0.501	1.001	179.0	9.0	945.42	0.0	0.0	80.8	53.78	1.12	2.24
2026-05-01 11:03	27.111	30.0	12.1	1006.503	0.599	1.001	170.0	9.0	947.14	0.0	0.0	80.8	53.78	1.34	2.24
2026-05-01 11:04	27.0	30.0	12.006	1006.401	0.3	0.501	201.0	9.0	947.46	0.0	0.0	80.6	53.61	0.67	1.12
2026-05-01 11:05	27.0	30.0	12.006	1006.604	0.899	1.001	200.0	9.0	950.17	0.0	0.0	80.6	53.61	2.01	2.24
2026-05-01 11:06	27.111	30.0	12.1	1006.503	0.201	0.501	198.0	9.0	952.07	0.0	0.0	80.8	53.78	0.45	1.12
2026-05-01 11:07	27.111	30.0	12.1	1006.198	0.098	0.501	190.0	9.0	952.27	0.0	0.0	80.8	53.78	0.22	1.12
2026-05-01 11:08	27.111	30.0	12.1	1006.198	0.098	0.501	190.0	9.0	952.27	0.0	0.0	80.8	53.78	0.22	1.12
2026-05-01 11:09	27.111	30.0	12.1	1006.401	0.098	0.501	192.0	9.0	954.46	0.0	0.0	80.8	53.78	0.22	1.12
2026-05-01 11:10	27.111	31.0	12.478	1006.401	0.3	0.501	189.0	9.0	956.84	0.0	0.0	80.8	54.46	0.67	1.12
2026-05-01 11:11	27.222	31.0	12.572	1006.401	0.3	0.501	200.0	9.0	958.7	0.0	0.0	81.0	54.63	0.67	1.12
2026-05-01 11:12	27.222	30.0	12.194	1006.198	1.001	1.001	218.0	9.0	961.05	0.0	0.0	81.0	53.95	2.24	2.24
2026-05-01 11:13	27.278	30.0	12.239	1006.3	0.599	1.001	288.0	9.0	962.56	0.0	0.0	81.1	54.03	1.34	2.24
2026-05-01 11:14	27.278	30.0	12.239	1006.503	0.0	0.0	171.0	9.0	962.2	0.0	0.0	81.1	54.03	0.0	0.0
2026-05-01 11:15	27.278	31.0	12.617	1006.401	0.3	0.501	177.0	9.0	964.66	0.0	0.0	81.1	54.71	0.67	1.12
2026-05-01 11:16	27.389	30.0	12.333	1006.3	0.098	0.501	187.0	9.0	966.28	0.0	0.0	81.3	54.2	0.22	1.12
2026-05-01 11:17	27.389	30.0	12.333	1006.198	1.001	1.502	192.0	9.0	968.33	0.0	0.0	81.3	54.2	2.24	3.36
2026-05-01 11:18	27.389	30.0	12.333	1006.198	0.0	0.0	202.0	9.0	969.58	0.0	0.0	81.3	54.2	0.0	0.0
2026-05-01 11:19	27.389	30.0	12.333	1006.096	0.3	0.501	197.0	9.0	969.44	0.0	0.0	81.3	54.2	0.67	1.12
2026-05-01 11:20	27.5	30.0	12.428	1006.198	0.398	0.501	212.0	9.0	971.47	0.0	0.0	81.5	54.37	0.89	1.12
2026-05-01 11:21	27.5	30.0	12.428	1005.995	1.802	2.602	176.0	9.0	974.51	0.0	0.0	81.5	54.37	4.03	5.82
2026-05-01 11:22	27.5	30.0	12.428	1006.096	0.702	1.001	145.0	9.0	975.69	0.0	0.0	81.5	54.37	1.57	2.24
2026-05-01 11:23	27.5	30.0	12.428	1006.198	0.098	0.501	192.0	9.0	976.27	0.0	0.0	81.5	54.37	0.22	1.12
2026-05-01 11:24	27.5	30.0	12.428	1006.198	0.599	1.001	190.0	9.0	976.75	0.0	0.0	81.5	54.37	1.34	2.24
2026-05-01 11:25	27.5	30.0	12.428	1006.096	0.599	1.001	191.0	9.0	978.11	0.0	0.0	81.5	54.37	1.34	2.24
2026-05-01 11:26	27.5	30.0	12.428	1006.096	0.501	0.501	210.0	9.0	981.18	0.0	0.0	81.5	54.37	1.12	1.12
2026-05-01 11:27	27.611	29.0	12.133	1006.198	1.502	3.098	124.0	9.0	982.97	0.0	0.0	81.7	53.84	3.36	6.93
2026-05-01 11:28	27.611	29.0	12.133	1005.893	0.8	1.998	126.0	9.0	984.23	0.0	0.0	81.7	53.84	1.79	4.47
2026-05-01 11:29	27.611	29.0	12.133	1006.401	1.399	1.998	183.0	9.0	986.26	0.0	0.0	81.7	53.84	3.13	4.47
2026-05-01 11:30	27.611	29.0	12.133	1006.096	1.001	1.502	100.0	9.0	986.96	0.0	0.0	81.7	53.84	2.24	3.36
2026-05-01 11:31	27.611	29.0	12.133	1006.198	0.702	1.001	170.0	9.0	988.14	0.0	0.0	81.7	53.84	1.57	2.24
2026-05-01 11:32	27.722	29.0	12.228	1005.893	0.398	0.501	202.0	9.0	988.48	0.0	0.0	81.9	54.01	0.89	1.12
2026-05-01 11:33	27.722	28.0	11.828	1006.198	1.001	1.502	182.0	9.0	990.11	0.0	0.0	81.9	53.29	2.24	3.36
2026-05-01 11:34	27.722	29.0	12.228	1006.198	0.098	0.501	200.0	9.0	989.69	0.0	0.0	81.9	54.01	0.22	1.12
2026-05-01 11:35	27.722	29.0	12.228	1006.096	0.0	0.0	192.0	9.0	990.83	0.0	0.0	81.9	54.01	0.0	0.0
2026-05-01 11:36	27.722	29.0	12.228	1006.096	0.3	0.501	201.0	9.0	991.24	0.0	0.0	81.9	54.01	0.67	1.12
2026-05-01 11:37	27.722	29.0	12.228	1006.096	0.201	0.501	200.0	9.0	993.91	0.0	0.0	81.9	54.01	0.45	1.12
2026-05-01 11:38	27.778	29.0	12.272	1005.893	0.398	0.501	194.0	9.0	994.53	0.0	0.0	82.0	54.09	0.89	1.12
2026-05-01 11:39	27.778	29.0	12.272	1005.995	0.0	0.0	202.0	9.0	995.82	0.0	0.0	82.0	54.09	0.0	0.0
2026-05-01 11:40	27.889	29.0	12.367	1005.995	0.599	1.001	150.0	9.0	997.54	0.0	0.0	82.2	54.26	1.34	2.24
2026-05-01 11:41	27.889	29.0	12.367	1006.096	0.098	0.501	197.0	9.0	998.49	0.0	0.0	82.2	54.26	0.22	1.12
2026-05-01 11:42	27.889	28.0	11.967	1005.792	0.0	0.0	194.0	9.0	1000.85	0.0	0.0	82.2	53.54	0.0	0.0
2026-05-01 11:43	28.0	29.0	12.456	1005.792	0.0	0.0	201.0	9.0	1002.71	0.0	0.0	82.4	54.42	0.0	0.0
2026-05-01 11:44	28.0	29.0	12.456	1005.69	0.899	1.001	222.0	9.0	1004.24	0.0	0.0	82.4	54.42	2.01	2.24
2026-05-01 11:45	28.0	29.0	12.456	1005.893	0.899	1.001	179.0	9.0	1004.1	0.0	0.0	82.4	54.42	2.01	2.24
2026-05-01 11:46	28.0	28.0	12.056	1005.792	1.399	1.998	289.0	9.0	1004.34	0.0	0.0	82.4	53.7	3.13	4.47
2026-05-01 11:47	28.111	28.0	12.15	1005.995	0.3	0.501	225.0	9.0	1004.1	0.0	0.0	82.6	53.87	0.67	1.12
2026-05-01 11:48	28.111	28.0	12.15	1005.69	0.702	1.001	207.0	9.0	1006.27	0.0	0.0	82.6	53.87	1.57	2.24
2026-05-01 11:49	28.222	28.0	12.239	1005.69	0.3	0.501	190.0	9.0	1006.39	0.0	0.0	82.8	54.03	0.67	1.12
2026-05-01 11:50	28.222	28.0	12.239	1005.792	0.3	0.501	194.0	9.0	1005.43	0.0	0.0	82.8	54.03	0.67	1.12
2026-05-01 11:51	28.278	29.0	12.689	1005.69	0.0	0.0	194.0	9.0	1009.36	0.0	0.0	82.9	54.84	0.0	0.0
2026-05-01 11:52	28.389	29.0	12.783	1005.69	0.398	0.501	202.0	9.0	1007.98	0.0	0.0	83.1	55.01	0.89	1.12
2026-05-01 11:53	28.389	29.0	12.783	1005.792	0.398	1.001	181.0	9.0	1009.45	0.0	0.0	83.1	55.01	0.89	2.24
2026-05-01 11:54	28.5	28.0	12.472	1005.792	0.599	1.001	183.0	9.0	1011.47	0.0	0.0	83.3	54.45	1.34	2.24
2026-05-01 11:55	28.611	28.0	12.567	1005.69	1.001	1.502	148.0	9.0	1011.7	0.0	0.0	83.5	54.62	2.24	3.36
2026-05-01 11:56	28.611	28.0	12.567	1005.792	0.501	0.501	184.0	9.0	1011.51	0.0	0.0	83.5	54.62	1.12	1.12
2026-05-01 11:57	28.611	28.0	12.567	1005.792	0.8	1.001	145.0	9.0	1011.98	0.0	0.0	83.5	54.62	1.79	2.24
2026-05-01 11:58	28.611	27.0	12.15	1005.69	0.702	1.001	173.0	9.0	1011.99	0.0	0.0	83.5	53.87	1.57	2.24
2026-05-01 11:59	28.722	28.0	12.656	1005.589	0.398	1.001	202.0	9.0	1013.43	0.0	0.0	83.7	54.78	0.89	2.24
2026-05-01 12:00	28.722	28.0	12.656	1005.487	0.3	0.501	186.0	9.0	1014.77	0.0	0.0	83.7	54.78	0.67	1.12
2026-05-01 12:01	28.722	27.0	12.239	1005.69	1.699	2.602	150.0	9.0	1016.46	0.0	0.0	83.7	54.03	3.8	5.82
2026-05-01 12:02	28.722	27.0	12.239	1005.487	1.198	1.502	74.0	9.0	1016.48	0.0	0.0	83.7	54.03	2.68	3.36
2026-05-01 12:03	28.722	26.0	11.811	1005.589	0.098	0.501	201.0	9.0	1015.61	0.0	0.0	83.7	53.26	0.22	1.12
2026-05-01 12:04	28.611	27.0	12.15	1005.69	0.398	0.501	188.0	9.0	1016.6	0.0	0.0	83.5	53.87	0.89	1.12
2026-05-01 12:05	28.611	28.0	12.567	1005.487	0.3	0.501	196.0	9.0	1017.83	0.0	0.0	83.5	54.62	0.67	1.12
2026-05-01 12:06	28.611	27.0	12.15	1005.589	0.3	0.501	192.0	9.0	1017.88	0.0	0.0	83.5	53.87	0.67	1.12
2026-05-01 12:07	28.611	27.0	12.15	1005.589	0.3	0.501	170.0	9.0	1018.24	0.0	0.0	83.5	53.87	0.67	1.12
2026-05-01 12:08	28.611	28.0	12.567	1005.589	0.398	0.501	182.0	9.0	1019.31	0.0	0.0	83.5	54.62	0.89	1.12
2026-05-01 12:09	28.611	28.0	12.567	1005.589	0.398	0.501	182.0	9.0	1019.31	0.0	0.0	83.5	54.62	0.89	1.12
2026-05-01 12:10	28.611	27.0	12.15	1005.792	0.201	0.501	198.0	9.0	1018.87	0.0	0.0	83.5	53.87	0.45	1.12
2026-05-01 12:11	28.611	28.0	12.567	1005.69	0.398	0.501	200.0	9.0	1018.18	0.0	0.0	83.5	54.62	0.89	1.12
2026-05-01 12:12	28.611	28.0	12.567	1005.69	0.501	1.001	184.0	9.0	1021.23	0.0	0.0	83.5	54.62	1.12	2.24
2026-05-01 12:13	28.611	28.0	12.567	1005.589	1.001	1.001	204.0	9.0	1020.35	0.0	0.0	83.5	54.62	2.24	2.24
2026-05-01 12:14	28.611	27.0	12.15	1005.69	0.599	1.001	218.0	9.0	1022.04	0.0	0.0	83.5	53.87	1.34	2.24
2026-05-01 12:15	28.611	28.0	12.567	1005.589	1.1	1.998	210.0	9.0	1021.8	0.0	0.0	83.5	54.62	2.46	4.47
2026-05-01 12:16	28.611	27.0	12.15	1005.487	0.599	1.001	213.0	9.0	1022.18	0.0	0.0	83.5	53.87	1.34	2.24
2026-05-01 12:17	28.611	27.0	12.15	1005.385	1.301	1.998	307.0	9.0	1023.72	0.0	0.0	83.5	53.87	2.91	4.47
2026-05-01 12:18	28.611	27.0	12.15	1005.385	0.398	0.501	181.0	9.0	1023.17	0.0	0.0	83.5	53.87	0.89	1.12
2026-05-01 12:19	28.611	27.0	12.15	1005.487	1.1	1.502	153.0	9.0	1023.2	0.0	0.0	83.5	53.87	2.46	3.36
2026-05-01 12:20	28.611	28.0	12.567	1005.487	0.398	0.501	199.0	9.0	1022.96	0.0	0.0	83.5	54.62	0.89	1.12
2026-05-01 12:21	28.611	27.0	12.15	1005.487	0.8	1.001	159.0	9.0	1022.97	0.0	0.0	83.5	53.87	1.79	2.24
2026-05-01 12:22	28.611	27.0	12.15	1005.385	0.0	0.0	217.0	9.0	1023.46	0.0	0.0	83.5	53.87	0.0	0.0
2026-05-01 12:23	28.611	27.0	12.15	1005.216	0.3	0.501	202.0	9.0	1022.5	0.0	0.0	83.5	53.87	0.67	1.12
2026-05-01 12:24	28.611	27.0	12.15	1005.385	0.398	0.501	203.0	9.0	1022.64	0.0	0.0	83.5	53.87	0.89	1.12
2026-05-01 12:25	28.611	27.0	12.15	1005.216	0.501	0.501	199.0	9.0	1021.61	0.0	0.0	83.5	53.87	1.12	1.12
2026-05-01 12:26	28.611	27.0	12.15	1005.385	0.8	1.502	252.0	9.0	1025.21	0.0	0.0	83.5	53.87	1.79	3.36
2026-05-01 12:27	28.611	27.0	12.15	1005.318	0.098	0.501	200.0	9.0	1023.77	0.0	0.0	83.5	53.87	0.22	1.12
2026-05-01 12:28	28.611	27.0	12.15	1005.114	0.3	0.501	211.0	9.0	1024.16	0.0	0.0	83.5	53.87	0.67	1.12
2026-05-01 12:29	28.611	27.0	12.15	1005.385	0.098	0.501	196.0	9.0	1024.68	0.0	0.0	83.5	53.87	0.22	1.12
2026-05-01 12:30	28.611	27.0	12.15	1005.318	0.8	1.001	195.0	9.0	1023.85	0.0	0.0	83.5	53.87	1.79	2.24
2026-05-01 12:31	28.5	27.0	12.056	1005.216	0.702	1.502	312.0	9.0	1024.59	0.0	0.0	83.3	53.7	1.57	3.36
2026-05-01 12:32	28.611	27.0	12.15	1005.216	0.398	0.501	210.0	9.0	1024.12	0.0	0.0	83.5	53.87	0.89	1.12
2026-05-01 12:33	28.611	27.0	12.15	1005.385	0.8	1.001	185.0	9.0	1025.67	0.0	0.0	83.5	53.87	1.79	2.24
2026-05-01 12:34	28.611	27.0	12.15	1005.318	0.3	0.501	191.0	9.0	1023.28	0.0	0.0	83.5	53.87	0.67	1.12
2026-05-01 12:35	28.611	27.0	12.15	1005.318	0.702	1.001	129.0	9.0	1023.32	0.0	0.0	83.5	53.87	1.57	2.24
2026-05-01 12:36	28.611	27.0	12.15	1005.385	1.1	1.998	144.0	9.0	1022.9	0.0	0.0	83.5	53.87	2.46	4.47
2026-05-01 12:37	28.722	27.0	12.239	1005.385	0.3	0.501	190.0	9.0	1023.47	0.0	0.0	83.7	54.03	0.67	1.12
2026-05-01 12:38	28.722	27.0	12.239	1005.114	0.702	1.001	142.0	9.0	1024.4	0.0	0.0	83.7	54.03	1.57	2.24
2026-05-01 12:39	28.722	26.0	11.811	1005.216	0.398	0.501	192.0	9.0	1023.39	0.0	0.0	83.7	53.26	0.89	1.12
2026-05-01 12:40	28.778	26.0	11.856	1005.318	0.0	0.0	198.0	10.0	1026.46	0.0	0.0	83.8	53.34	0.0	0.0
2026-05-01 12:41	28.778	26.0	11.856	1005.114	0.501	1.001	145.0	10.0	1026.13	0.0	0.0	83.8	53.34	1.12	2.24
2026-05-01 12:42	28.778	26.0	11.856	1005.114	0.098	0.501	203.0	9.0	1025.03	0.0	0.0	83.8	53.34	0.22	1.12
2026-05-01 12:43	28.778	25.0	11.411	1005.318	0.702	1.502	181.0	9.0	1025.27	0.0	0.0	83.8	52.54	1.57	3.36
2026-05-01 12:44	28.778	25.0	11.411	1005.216	0.0	0.0	199.0	9.0	1023.75	0.0	0.0	83.8	52.54	0.0	0.0
2026-05-01 12:45	28.778	26.0	11.856	1005.114	0.899	1.001	160.0	9.0	1023.09	0.0	0.0	83.8	53.34	2.01	2.24
2026-05-01 12:46	28.778	26.0	11.856	1005.013	0.501	0.501	175.0	9.0	1021.79	0.0	0.0	83.8	53.34	1.12	1.12
2026-05-01 12:47	28.778	26.0	11.856	1005.216	0.098	0.501	209.0	9.0	1021.85	0.0	0.0	83.8	53.34	0.22	1.12
2026-05-01 12:48	28.778	26.0	11.856	1005.114	0.8	1.001	190.0	9.0	1022.28	0.0	0.0	83.8	53.34	1.79	2.24
2026-05-01 12:49	28.889	26.0	11.944	1005.013	0.8	1.001	210.0	9.0	1022.87	0.0	0.0	84.0	53.5	1.79	2.24
2026-05-01 12:50	28.889	26.0	11.944	1005.216	0.398	0.501	204.0	9.0	1019.39	0.0	0.0	84.0	53.5	0.89	1.12
2026-05-01 12:51	28.889	26.0	11.944	1004.911	0.3	0.501	202.0	9.0	1021.41	0.0	0.0	84.0	53.5	0.67	1.12
2026-05-01 12:52	28.778	26.0	11.856	1005.013	0.599	1.001	205.0	9.0	1020.91	0.0	0.0	83.8	53.34	1.34	2.24
2026-05-01 12:53	28.889	26.0	11.944	1004.911	1.198	1.998	271.0	9.0	1020.6	0.0	0.0	84.0	53.5	2.68	4.47
2026-05-01 12:54	28.778	26.0	11.856	1004.911	0.501	1.001	192.0	9.0	1019.02	0.0	0.0	83.8	53.34	1.12	2.24
2026-05-01 12:55	28.778	26.0	11.856	1005.013	0.398	0.501	182.0	9.0	1019.27	0.0	0.0	83.8	53.34	0.89	1.12
2026-05-01 12:56	28.778	26.0	11.856	1004.81	0.501	0.501	172.0	9.0	1017.7	0.0	0.0	83.8	53.34	1.12	1.12
2026-05-01 12:57	28.889	26.0	11.944	1005.114	0.098	0.501	192.0	9.0	1019.1	0.0	0.0	84.0	53.5	0.22	1.12
2026-05-01 12:58	28.889	26.0	11.944	1005.114	0.702	1.001	168.0	9.0	1017.57	0.0	0.0	84.0	53.5	1.57	2.24
2026-05-01 12:59	28.889	26.0	11.944	1005.013	0.3	0.501	198.0	9.0	1016.9	0.0	0.0	84.0	53.5	0.67	1.12
2026-05-01 13:00	28.889	26.0	11.944	1005.013	0.098	0.501	201.0	9.0	1016.53	0.0	0.0	84.0	53.5	0.22	1.12
2026-05-01 13:01	28.889	26.0	11.944	1004.911	0.599	1.001	215.0	9.0	1016.91	0.0	0.0	84.0	53.5	1.34	2.24
2026-05-01 13:02	28.889	26.0	11.944	1004.911	0.398	0.501	186.0	9.0	1016.68	0.0	0.0	84.0	53.5	0.89	1.12
2026-05-01 13:03	28.889	26.0	11.944	1005.013	0.098	0.501	205.0	9.0	1013.54	0.0	0.0	84.0	53.5	0.22	1.12
2026-05-01 13:04	28.889	26.0	11.944	1004.911	0.0	0.0	191.0	9.0	1014.48	0.0	0.0	84.0	53.5	0.0	0.0
2026-05-01 13:05	28.889	26.0	11.944	1004.81	0.398	0.501	222.0	9.0	1013.11	0.0	0.0	84.0	53.5	0.89	1.12
2026-05-01 13:06	28.889	25.0	11.5	1004.81	0.098	0.501	211.0	9.0	1013.41	0.0	0.0	84.0	52.7	0.22	1.12
2026-05-01 13:07	28.889	25.0	11.5	1004.81	0.3	0.501	202.0	9.0	1012.86	0.0	0.0	84.0	52.7	0.67	1.12
2026-05-01 13:08	29.0	25.0	11.589	1004.81	0.098	0.501	193.0	9.0	1012.07	0.0	0.0	84.2	52.86	0.22	1.12
2026-05-01 13:09	29.0	26.0	12.039	1004.911	0.3	0.501	194.0	9.0	1012.34	0.0	0.0	84.2	53.67	0.67	1.12
2026-05-01 13:10	29.0	26.0	12.039	1004.911	0.3	0.501	194.0	9.0	1012.34	0.0	0.0	84.2	53.67	0.67	1.12
2026-05-01 13:11	29.111	25.0	11.683	1004.81	0.3	0.501	210.0	9.0	1010.72	0.0	0.0	84.4	53.03	0.67	1.12
2026-05-01 13:12	29.111	25.0	11.683	1004.911	0.398	0.501	199.0	9.0	1009.78	0.0	0.0	84.4	53.03	0.89	1.12
2026-05-01 13:13	29.111	25.0	11.683	1004.911	0.098	0.501	200.0	9.0	1007.95	0.0	0.0	84.4	53.03	0.22	1.12
2026-05-01 13:14	29.111	25.0	11.683	1004.81	0.899	1.001	235.0	9.0	1008.59	0.0	0.0	84.4	53.03	2.01	2.24
2026-05-01 13:15	29.111	25.0	11.683	1004.911	0.398	0.501	202.0	9.0	1008.11	0.0	0.0	84.4	53.03	0.89	1.12
2026-05-01 13:16	29.111	25.0	11.683	1004.708	0.201	0.501	168.0	9.0	1007.46	0.0	0.0	84.4	53.03	0.45	1.12
2026-05-01 13:17	29.111	25.0	11.683	1004.911	0.8	1.502	198.0	9.0	1006.75	0.0	0.0	84.4	53.03	1.79	3.36
2026-05-01 13:18	29.111	25.0	11.683	1004.81	0.398	0.501	203.0	9.0	1004.55	0.0	0.0	84.4	53.03	0.89	1.12
2026-05-01 13:19	29.111	25.0	11.683	1004.81	0.398	0.501	188.0	9.0	1003.49	0.0	0.0	84.4	53.03	0.89	1.12
2026-05-01 13:20	29.111	26.0	12.128	1004.708	0.599	1.001	201.0	9.0	1003.83	0.0	0.0	84.4	53.83	1.34	2.24
2026-05-01 13:21	29.111	26.0	12.128	1004.81	0.398	1.001	239.0	9.0	1002.52	0.0	0.0	84.4	53.83	0.89	2.24
2026-05-01 13:22	29.111	26.0	12.128	1004.911	0.3	0.501	187.0	9.0	1000.74	0.0	0.0	84.4	53.83	0.67	1.12
2026-05-01 13:23	29.111	25.0	11.683	1004.81	0.398	1.001	147.0	9.0	999.3	0.0	0.0	84.4	53.03	0.89	2.24
2026-05-01 13:24	29.111	25.0	11.683	1004.606	0.8	1.001	195.0	9.0	997.29	0.0	0.0	84.4	53.03	1.79	2.24
2026-05-01 13:25	29.222	25.0	11.772	1004.708	0.599	1.001	178.0	9.0	996.94	0.0	0.0	84.6	53.19	1.34	2.24
2026-05-01 13:26	29.111	25.0	11.683	1004.606	0.501	0.501	178.0	9.0	997.19	0.0	0.0	84.4	53.03	1.12	1.12
2026-05-01 13:27	29.111	25.0	11.683	1004.708	0.702	1.001	200.0	9.0	994.2	0.0	0.0	84.4	53.03	1.57	2.24
2026-05-01 13:28	29.0	25.0	11.589	1004.708	0.098	0.501	196.0	9.0	994.7	0.0	0.0	84.2	52.86	0.22	1.12
2026-05-01 13:29	29.0	25.0	11.589	1004.708	1.001	1.998	264.0	9.0	993.35	0.0	0.0	84.2	52.86	2.24	4.47
2026-05-01 13:30	29.0	26.0	12.039	1004.505	0.201	0.501	203.0	9.0	991.48	0.0	0.0	84.2	53.67	0.45	1.12
2026-05-01 13:31	29.0	26.0	12.039	1004.606	1.001	1.502	212.0	9.0	990.82	0.0	0.0	84.2	53.67	2.24	3.36
2026-05-01 13:32	29.0	25.0	11.589	1004.606	0.098	0.501	207.0	9.0	989.39	0.0	0.0	84.2	52.86	0.22	1.12
2026-05-01 13:33	29.0	25.0	11.589	1004.606	0.702	1.001	246.0	9.0	988.67	0.0	0.0	84.2	52.86	1.57	2.24
2026-05-01 13:34	29.0	25.0	11.589	1004.606	0.098	0.501	207.0	9.0	985.59	0.0	0.0	84.2	52.86	0.22	1.12
2026-05-01 13:35	29.111	26.0	12.128	1004.505	0.501	0.501	209.0	9.0	986.05	0.0	0.0	84.4	53.83	1.12	1.12
2026-05-01 13:36	29.111	25.0	11.683	1004.606	0.0	0.0	186.0	9.0	983.8	0.0	0.0	84.4	53.03	0.0	0.0
2026-05-01 13:37	29.111	26.0	12.128	1004.302	0.398	0.501	217.0	9.0	982.85	0.0	0.0	84.4	53.83	0.89	1.12
2026-05-01 13:38	29.111	26.0	12.128	1004.606	0.3	0.501	200.0	9.0	981.66	0.0	0.0	84.4	53.83	0.67	1.12
2026-05-01 13:39	29.222	26.0	12.222	1004.606	0.501	0.501	165.0	9.0	979.65	0.0	0.0	84.6	54.0	1.12	1.12
2026-05-01 13:40	29.222	26.0	12.222	1004.403	0.501	1.001	194.0	9.0	977.36	0.0	0.0	84.6	54.0	1.12	2.24
2026-05-01 13:41	29.278	25.0	11.817	1004.606	0.398	0.501	202.0	9.0	977.41	0.0	0.0	84.7	53.27	0.89	1.12
2026-05-01 13:42	29.278	25.0	11.817	1004.606	1.399	1.998	209.0	9.0	976.59	0.0	0.0	84.7	53.27	3.13	4.47
2026-05-01 13:43	29.278	25.0	11.817	1004.505	0.098	0.501	178.0	9.0	974.18	0.0	0.0	84.7	53.27	0.22	1.12
2026-05-01 13:44	29.389	25.0	11.906	1004.403	0.599	1.001	199.0	9.0	972.6	0.0	0.0	84.9	53.43	1.34	2.24
2026-05-01 13:45	29.389	25.0	11.906	1004.505	0.098	0.501	199.0	9.0	970.32	0.0	0.0	84.9	53.43	0.22	1.12
2026-05-01 13:46	29.389	25.0	11.906	1004.505	0.398	0.501	202.0	9.0	971.1	0.0	0.0	84.9	53.43	0.89	1.12
2026-05-01 13:47	29.5	25.0	12.0	1004.505	0.3	0.501	210.0	9.0	969.68	0.0	0.0	85.1	53.6	0.67	1.12
2026-05-01 13:48	29.5	25.0	12.0	1004.403	0.899	1.502	205.0	9.0	968.61	0.0	0.0	85.1	53.6	2.01	3.36
2026-05-01 13:49	29.5	25.0	12.0	1004.403	0.398	0.501	190.0	9.0	968.42	0.0	0.0	85.1	53.6	0.89	1.12
2026-05-01 13:50	29.5	24.0	11.533	1004.302	0.201	0.501	177.0	9.0	965.79	0.0	0.0	85.1	52.76	0.45	1.12
2026-05-01 13:51	29.5	24.0	11.533	1004.505	0.398	1.001	196.0	9.0	964.32	0.0	0.0	85.1	52.76	0.89	2.24
2026-05-01 13:52	29.5	24.0	11.533	1004.606	0.098	0.501	204.0	9.0	962.0	0.0	0.0	85.1	52.76	0.22	1.12
2026-05-01 13:53	29.5	24.0	11.533	1004.505	0.3	0.501	179.0	9.0	961.12	0.0	0.0	85.1	52.76	0.67	1.12
2026-05-01 13:54	29.5	24.0	11.533	1004.403	0.398	0.501	199.0	9.0	959.2	0.0	0.0	85.1	52.76	0.89	1.12
2026-05-01 13:55	29.5	24.0	11.533	1004.302	0.501	0.501	169.0	9.0	956.77	0.0	0.0	85.1	52.76	1.12	1.12
2026-05-01 13:56	29.5	24.0	11.533	1004.403	0.398	1.001	156.0	9.0	954.66	0.0	0.0	85.1	52.76	0.89	2.24
2026-05-01 13:57	29.5	24.0	11.533	1004.302	1.301	1.502	163.0	9.0	952.46	0.0	0.0	85.1	52.76	2.91	3.36
2026-05-01 13:58	29.389	24.0	11.444	1004.403	0.3	1.001	173.0	9.0	951.74	0.0	0.0	84.9	52.6	0.67	2.24
2026-05-01 13:59	29.389	23.0	10.961	1004.505	1.198	1.998	151.0	9.0	949.24	0.0	0.0	84.9	51.73	2.68	4.47
2026-05-01 14:00	29.389	24.0	11.444	1004.302	0.398	0.501	168.0	9.0	945.34	0.0	0.0	84.9	52.6	0.89	1.12
2026-05-01 14:01	29.389	24.0	11.444	1004.302	0.8	1.001	165.0	9.0	944.27	0.0	0.0	84.9	52.6	1.79	2.24
2026-05-01 14:02	29.389	24.0	11.444	1004.403	0.098	0.501	202.0	9.0	943.6	0.0	0.0	84.9	52.6	0.22	1.12
2026-05-01 14:03	29.389	24.0	11.444	1004.403	1.699	2.602	248.0	9.0	942.75	0.0	0.0	84.9	52.6	3.8	5.82
2026-05-01 14:04	29.278	23.0	10.872	1004.302	1.802	1.998	234.0	9.0	939.93	0.0	0.0	84.7	51.57	4.03	4.47
2026-05-01 14:05	29.278	23.0	10.872	1004.505	1.1	1.998	202.0	9.0	939.55	0.0	0.0	84.7	51.57	2.46	4.47
2026-05-01 14:06	29.278	23.0	10.872	1004.403	0.501	0.501	203.0	9.0	936.98	0.0	0.0	84.7	51.57	1.12	1.12
2026-05-01 14:07	29.278	24.0	11.356	1004.403	0.3	0.501	196.0	9.0	931.99	0.0	0.0	84.7	52.44	0.67	1.12
2026-05-01 14:08	29.278	24.0	11.356	1004.403	0.3	0.501	201.0	9.0	930.71	0.0	0.0	84.7	52.44	0.67	1.12
2026-05-01 14:09	29.278	25.0	11.817	1004.2	0.098	0.501	200.0	9.0	927.34	0.0	0.0	84.7	53.27	0.22	1.12
2026-05-01 14:10	29.278	24.0	11.356	1004.302	0.0	0.0	194.0	9.0	926.4	0.0	0.0	84.7	52.44	0.0	0.0
2026-05-01 14:11	29.278	24.0	11.356	1004.302	0.0	0.0	194.0	9.0	926.4	0.0	0.0	84.7	52.44	0.0	0.0
2026-05-01 14:12	29.278	24.0	11.356	1004.302	0.501	1.001	233.0	9.0	925.71	0.0	0.0	84.7	52.44	1.12	2.24
2026-05-01 14:13	29.278	24.0	11.356	1004.098	1.001	1.001	238.0	9.0	925.9	0.0	0.0	84.7	52.44	2.24	2.24
2026-05-01 14:14	29.389	24.0	11.444	1003.997	0.599	1.001	37.0	8.0	921.86	0.0	0.0	84.9	52.6	1.34	2.24
2026-05-01 14:15	29.389	24.0	11.444	1004.098	0.3	0.501	188.0	8.0	918.78	0.0	0.0	84.9	52.6	0.67	1.12
2026-05-01 14:16	29.389	24.0	11.444	1004.302	0.398	0.501	128.0	8.0	917.43	0.0	0.0	84.9	52.6	0.89	1.12
2026-05-01 14:17	29.5	24.0	11.533	1004.098	0.3	0.501	183.0	8.0	914.25	0.0	0.0	85.1	52.76	0.67	1.12
2026-05-01 14:18	29.5	24.0	11.533	1003.997	0.3	0.501	192.0	8.0	913.35	0.0	0.0	85.1	52.76	0.67	1.12
2026-05-01 14:19	29.5	24.0	11.533	1004.2	0.3	0.501	176.0	8.0	911.53	0.0	0.0	85.1	52.76	0.67	1.12
2026-05-01 14:20	29.5	24.0	11.533	1004.098	0.3	0.501	203.0	8.0	910.35	0.0	0.0	85.1	52.76	0.67	1.12
2026-05-01 14:21	29.611	24.0	11.622	1004.403	0.0	0.0	200.0	8.0	906.28	0.0	0.0	85.3	52.92	0.0	0.0
2026-05-01 14:22	29.611	24.0	11.622	1004.2	0.201	0.501	130.0	8.0	904.32	0.0	0.0	85.3	52.92	0.45	1.12
2026-05-01 14:23	29.611	24.0	11.622	1004.098	0.501	0.501	174.0	8.0	902.79	0.0	0.0	85.3	52.92	1.12	1.12
2026-05-01 14:24	29.611	24.0	11.622	1004.2	0.599	1.001	136.0	8.0	900.52	0.0	0.0	85.3	52.92	1.34	2.24
2026-05-01 14:25	29.611	24.0	11.622	1004.098	0.501	0.501	213.0	8.0	897.22	0.0	0.0	85.3	52.92	1.12	1.12
2026-05-01 14:26	29.611	24.0	11.622	1003.997	0.098	0.501	201.0	8.0	895.79	0.0	0.0	85.3	52.92	0.22	1.12
2026-05-01 14:27	29.611	23.0	11.144	1004.098	1.001	1.001	215.0	8.0	893.73	0.0	0.0	85.3	52.06	2.24	2.24
2026-05-01 14:28	29.611	23.0	11.144	1003.895	0.501	0.501	195.0	8.0	892.08	0.0	0.0	85.3	52.06	1.12	1.12
2026-05-01 14:29	29.611	23.0	11.144	1004.098	0.899	1.502	258.0	8.0	888.72	0.0	0.0	85.3	52.06	2.01	3.36
2026-05-01 14:30	29.722	24.0	11.717	1003.997	0.599	1.001	213.0	8.0	885.19	0.0	0.0	85.5	53.09	1.34	2.24
2026-05-01 14:31	29.611	24.0	11.622	1004.2	0.0	0.0	195.0	8.0	884.13	0.0	0.0	85.3	52.92	0.0	0.0
2026-05-01 14:32	29.722	24.0	11.717	1003.997	0.098	0.501	196.0	8.0	882.72	0.0	0.0	85.5	53.09	0.22	1.12
2026-05-01 14:33	29.611	23.0	11.144	1003.997	0.501	1.001	200.0	8.0	880.61	0.0	0.0	85.3	52.06	1.12	2.24
2026-05-01 14:34	29.611	23.0	11.144	1003.895	0.201	0.501	210.0	8.0	878.43	0.0	0.0	85.3	52.06	0.45	1.12
2026-05-01 14:35	29.722	23.0	11.233	1003.895	0.3	0.501	190.0	8.0	875.98	0.0	0.0	85.5	52.22	0.67	1.12
2026-05-01 14:36	29.611	23.0	11.144	1003.895	0.098	0.501	187.0	8.0	872.65	0.0	0.0	85.3	52.06	0.22	1.12
2026-05-01 14:37	29.722	23.0	11.233	1003.794	1.1	1.502	149.0	8.0	870.17	0.0	0.0	85.5	52.22	2.46	3.36
2026-05-01 14:38	29.722	22.0	10.733	1003.794	1.001	1.502	41.0	8.0	867.71	0.0	0.0	85.5	51.32	2.24	3.36
2026-05-01 14:39	29.722	22.0	10.733	1003.794	0.599	1.001	188.0	8.0	865.22	0.0	0.0	85.5	51.32	1.34	2.24
2026-05-01 14:40	29.722	21.0	10.211	1003.692	0.398	1.001	266.0	8.0	862.99	0.0	0.0	85.5	50.38	0.89	2.24
2026-05-01 14:41	29.611	22.0	10.644	1003.692	0.0	0.0	197.0	8.0	860.43	0.0	0.0	85.3	51.16	0.0	0.0
2026-05-01 14:42	29.611	23.0	11.144	1003.794	0.3	0.501	188.0	8.0	855.69	0.0	0.0	85.3	52.06	0.67	1.12
2026-05-01 14:43	29.611	23.0	11.144	1003.591	0.3	0.501	200.0	8.0	853.94	0.0	0.0	85.3	52.06	0.67	1.12
2026-05-01 14:44	29.611	23.0	11.144	1003.692	0.501	0.501	205.0	8.0	852.44	0.0	0.0	85.3	52.06	1.12	1.12
2026-05-01 14:45	29.611	22.0	10.644	1003.692	2.199	3.098	198.0	8.0	850.7	0.0	0.0	85.3	51.16	4.92	6.93
2026-05-01 14:46	29.611	22.0	10.644	1003.591	1.301	1.998	251.0	8.0	847.32	0.0	0.0	85.3	51.16	2.91	4.47
2026-05-01 14:47	29.722	22.0	10.733	1003.692	1.502	1.998	241.0	8.0	845.11	0.0	0.0	85.5	51.32	3.36	4.47
2026-05-01 14:48	29.722	21.0	10.211	1003.591	1.699	1.998	255.0	8.0	842.08	0.0	0.0	85.5	50.38	3.8	4.47
2026-05-01 14:49	29.778	21.0	10.256	1003.794	1.001	1.502	190.0	8.0	839.24	0.0	0.0	85.6	50.46	2.24	3.36
2026-05-01 14:50	29.778	21.0	10.256	1003.591	1.001	1.001	227.0	8.0	836.39	0.0	0.0	85.6	50.46	2.24	2.24
2026-05-01 14:51	29.778	21.0	10.256	1003.489	1.1	1.502	213.0	8.0	832.27	0.0	0.0	85.6	50.46	2.46	3.36
2026-05-01 14:52	29.778	21.0	10.256	1003.591	1.502	1.998	266.0	8.0	829.41	0.0	0.0	85.6	50.46	3.36	4.47
2026-05-01 14:53	29.778	21.0	10.256	1003.591	0.599	1.001	217.0	8.0	826.69	0.0	0.0	85.6	50.46	1.34	2.24
2026-05-01 14:54	29.778	21.0	10.256	1003.692	0.599	1.001	196.0	8.0	822.79	0.0	0.0	85.6	50.46	1.34	2.24
2026-05-01 14:55	29.778	21.0	10.256	1003.692	0.8	1.001	228.0	7.0	820.42	0.0	0.0	85.6	50.46	1.79	2.24
2026-05-01 14:56	29.778	21.0	10.256	1003.591	1.802	1.998	233.0	7.0	817.55	0.0	0.0	85.6	50.46	4.03	4.47
2026-05-01 14:57	29.778	21.0	10.256	1003.387	0.599	1.001	208.0	7.0	813.92	0.0	0.0	85.6	50.46	1.34	2.24
2026-05-01 14:58	29.778	21.0	10.256	1003.489	0.0	0.0	217.0	7.0	810.57	0.0	0.0	85.6	50.46	0.0	0.0
2026-05-01 14:59	29.778	21.0	10.256	1003.387	0.599	1.001	210.0	7.0	807.43	0.0	0.0	85.6	50.46	1.34	2.24
2026-05-01 15:00	29.778	21.0	10.256	1003.591	0.3	0.501	182.0	7.0	803.58	0.0	0.0	85.6	50.46	0.67	1.12
2026-05-01 15:01	29.778	21.0	10.256	1003.387	0.501	1.001	177.0	7.0	801.08	0.0	0.0	85.6	50.46	1.12	2.24
2026-05-01 15:02	29.778	22.0	10.778	1003.387	0.599	1.001	211.0	7.0	798.08	0.0	0.0	85.6	51.4	1.34	2.24
2026-05-01 15:03	29.778	22.0	10.778	1003.489	0.501	0.501	208.0	7.0	794.63	0.0	0.0	85.6	51.4	1.12	1.12
2026-05-01 15:04	29.778	22.0	10.778	1003.286	0.599	1.001	234.0	7.0	791.64	0.0	0.0	85.6	51.4	1.34	2.24
2026-05-01 15:05	29.778	22.0	10.778	1003.286	0.201	0.501	202.0	7.0	789.03	0.0	0.0	85.6	51.4	0.45	1.12
2026-05-01 15:06	29.778	22.0	10.778	1003.489	0.3	0.501	217.0	7.0	784.36	0.0	0.0	85.6	51.4	0.67	1.12
2026-05-01 15:07	29.778	22.0	10.778	1003.387	0.0	0.0	193.0	7.0	781.48	0.0	0.0	85.6	51.4	0.0	0.0
2026-05-01 15:08	29.778	22.0	10.778	1003.184	0.0	0.0	195.0	7.0	778.46	0.0	0.0	85.6	51.4	0.0	0.0
2026-05-01 15:09	29.778	22.0	10.778	1003.286	0.098	0.501	208.0	7.0	774.37	0.0	0.0	85.6	51.4	0.22	1.12
2026-05-01 15:10	29.778	22.0	10.778	1003.286	1.001	1.502	243.0	7.0	771.62	0.0	0.0	85.6	51.4	2.24	3.36
2026-05-01 15:11	29.778	22.0	10.778	1003.184	1.001	1.001	228.0	7.0	769.97	0.0	0.0	85.6	51.4	2.24	2.24
2026-05-01 15:12	29.778	22.0	10.778	1003.184	1.001	1.001	228.0	7.0	769.97	0.0	0.0	85.6	51.4	2.24	2.24
2026-05-01 15:13	29.778	22.0	10.778	1003.286	0.3	0.501	230.0	7.0	765.35	0.0	0.0	85.6	51.4	0.67	1.12
2026-05-01 15:14	29.778	22.0	10.778	1003.184	0.098	0.501	200.0	7.0	761.86	0.0	0.0	85.6	51.4	0.22	1.12
2026-05-01 15:15	29.778	22.0	10.778	1003.184	0.599	1.001	187.0	7.0	758.11	0.0	0.0	85.6	51.4	1.34	2.24
2026-05-01 15:16	29.778	22.0	10.778	1003.286	0.501	1.001	197.0	7.0	755.41	0.0	0.0	85.6	51.4	1.12	2.24
2026-05-01 15:17	29.889	22.0	10.867	1003.184	0.3	0.501	172.0	7.0	750.88	0.0	0.0	85.8	51.56	0.67	1.12
2026-05-01 15:18	29.889	22.0	10.867	1003.116	0.501	0.501	203.0	7.0	749.91	0.0	0.0	85.8	51.56	1.12	1.12
2026-05-01 15:19	29.889	22.0	10.867	1003.387	0.398	0.501	204.0	7.0	745.76	0.0	0.0	85.8	51.56	0.89	1.12
2026-05-01 15:20	29.889	23.0	11.367	1003.286	0.098	0.501	198.0	7.0	741.2	0.0	0.0	85.8	52.46	0.22	1.12
2026-05-01 15:21	29.889	23.0	11.367	1003.184	0.098	0.501	207.0	7.0	739.98	0.0	0.0	85.8	52.46	0.22	1.12
2026-05-01 15:22	29.889	23.0	11.367	1003.015	0.098	0.501	190.0	7.0	735.56	0.0	0.0	85.8	52.46	0.22	1.12
2026-05-01 15:23	29.889	23.0	11.367	1003.116	0.201	0.501	150.0	7.0	732.17	0.0	0.0	85.8	52.46	0.45	1.12
2026-05-01 15:24	30.0	23.0	11.456	1003.116	0.501	1.001	228.0	7.0	728.33	0.0	0.0	86.0	52.62	1.12	2.24
2026-05-01 15:25	30.0	22.0	10.956	1003.184	0.201	0.501	178.0	7.0	725.75	0.0	0.0	86.0	51.72	0.45	1.12
2026-05-01 15:26	30.0	22.0	10.956	1003.184	0.398	1.001	199.0	7.0	721.37	0.0	0.0	86.0	51.72	0.89	2.24
2026-05-01 15:27	30.111	22.0	11.044	1003.116	0.201	0.501	182.0	6.0	718.11	0.0	0.0	86.2	51.88	0.45	1.12
2026-05-01 15:28	30.111	22.0	11.044	1003.116	0.3	1.001	193.0	6.0	715.55	0.0	0.0	86.2	51.88	0.67	2.24
2026-05-01 15:29	30.111	22.0	11.044	1003.015	0.201	0.501	194.0	6.0	710.77	0.0	0.0	86.2	51.88	0.45	1.12
2026-05-01 15:30	30.111	23.0	11.544	1003.116	0.899	1.001	224.0	6.0	707.52	0.0	0.0	86.2	52.78	2.01	2.24
2026-05-01 15:31	30.222	23.0	11.639	1003.015	0.398	1.001	170.0	6.0	702.93	0.0	0.0	86.4	52.95	0.89	2.24
2026-05-01 15:32	30.222	23.0	11.639	1002.913	0.098	0.501	197.0	6.0	698.57	0.0	0.0	86.4	52.95	0.22	1.12
2026-05-01 15:33	30.222	23.0	11.639	1002.812	0.0	0.0	211.0	6.0	696.31	0.0	0.0	86.4	52.95	0.0	0.0
2026-05-01 15:34	30.222	23.0	11.639	1002.913	0.501	1.001	208.0	6.0	693.84	0.0	0.0	86.4	52.95	1.12	2.24
2026-05-01 15:35	30.222	23.0	11.639	1002.913	1.1	1.502	243.0	6.0	690.28	0.0	0.0	86.4	52.95	2.46	3.36
2026-05-01 15:36	30.278	23.0	11.683	1002.812	0.501	0.501	200.0	6.0	686.29	0.0	0.0	86.5	53.03	1.12	1.12
2026-05-01 15:37	30.278	23.0	11.683	1003.015	0.0	0.0	191.0	6.0	681.64	0.0	0.0	86.5	53.03	0.0	0.0
2026-05-01 15:38	30.222	23.0	11.639	1002.812	0.0	0.0	203.0	6.0	678.12	0.0	0.0	86.4	52.95	0.0	0.0
2026-05-01 15:39	30.222	23.0	11.639	1002.913	1.001	1.502	272.0	6.0	675.77	0.0	0.0	86.4	52.95	2.24	3.36
2026-05-01 15:40	30.222	23.0	11.639	1002.812	0.501	0.501	223.0	6.0	671.65	0.0	0.0	86.4	52.95	1.12	1.12
2026-05-01 15:41	30.222	23.0	11.639	1002.913	0.398	0.501	207.0	6.0	669.02	0.0	0.0	86.4	52.95	0.89	1.12
2026-05-01 15:42	30.222	23.0	11.639	1002.71	0.8	1.001	193.0	6.0	663.41	0.0	0.0	86.4	52.95	1.79	2.24
2026-05-01 15:43	30.222	23.0	11.639	1002.608	0.599	1.001	217.0	6.0	661.75	0.0	0.0	86.4	52.95	1.34	2.24
2026-05-01 15:44	30.222	23.0	11.639	1002.71	0.3	0.501	199.0	6.0	657.92	0.0	0.0	86.4	52.95	0.67	1.12
2026-05-01 15:45	30.222	23.0	11.639	1002.71	1.198	1.502	222.0	6.0	654.72	0.0	0.0	86.4	52.95	2.68	3.36
2026-05-01 15:46	30.222	23.0	11.639	1002.812	0.3	0.501	200.0	6.0	651.4	0.0	0.0	86.4	52.95	0.67	1.12
2026-05-01 15:47	30.222	23.0	11.639	1002.507	0.398	0.501	201.0	6.0	646.9	0.0	0.0	86.4	52.95	0.89	1.12
2026-05-01 15:48	30.222	23.0	11.639	1002.608	0.0	0.0	202.0	6.0	642.68	0.0	0.0	86.4	52.95	0.0	0.0
2026-05-01 15:49	30.278	23.0	11.683	1002.812	0.3	0.501	205.0	6.0	640.52	0.0	0.0	86.5	53.03	0.67	1.12
2026-05-01 15:50	30.278	23.0	11.683	1002.608	0.501	0.501	213.0	6.0	636.5	0.0	0.0	86.5	53.03	1.12	1.12
2026-05-01 15:51	30.278	23.0	11.683	1002.913	0.0	0.0	199.0	6.0	632.68	0.0	0.0	86.5	53.03	0.0	0.0
2026-05-01 15:52	30.389	23.0	11.772	1002.812	0.702	1.502	234.0	6.0	629.79	0.0	0.0	86.7	53.19	1.57	3.36
2026-05-01 15:53	30.389	23.0	11.772	1002.71	0.8	1.001	182.0	6.0	627.1	0.0	0.0	86.7	53.19	1.79	2.24
2026-05-01 15:54	30.5	22.0	11.356	1002.71	0.899	1.001	220.0	6.0	622.49	0.0	0.0	86.9	52.44	2.01	2.24
2026-05-01 15:55	30.5	22.0	11.356	1002.608	0.3	0.501	186.0	6.0	617.36	0.0	0.0	86.9	52.44	0.67	1.12
2026-05-01 15:56	30.611	23.0	11.95	1002.507	0.501	0.501	197.0	5.0	613.14	0.0	0.0	87.1	53.51	1.12	1.12
2026-05-01 15:57	30.611	23.0	11.95	1002.608	0.398	0.501	206.0	5.0	609.38	0.0	0.0	87.1	53.51	0.89	1.12
2026-05-01 15:58	30.611	23.0	11.95	1002.608	1.001	1.001	209.0	5.0	605.32	0.0	0.0	87.1	53.51	2.24	2.24
2026-05-01 15:59	30.722	23.0	12.039	1002.608	0.0	0.0	201.0	5.0	600.94	0.0	0.0	87.3	53.67	0.0	0.0
2026-05-01 16:00	30.722	23.0	12.039	1002.71	0.0	0.0	199.0	5.0	598.18	0.0	0.0	87.3	53.67	0.0	0.0
2026-05-01 16:01	30.722	23.0	12.039	1002.507	0.0	0.0	186.0	5.0	592.04	0.0	0.0	87.3	53.67	0.0	0.0
2026-05-01 16:02	30.722	23.0	12.039	1002.507	0.0	0.0	194.0	5.0	588.13	0.0	0.0	87.3	53.67	0.0	0.0
2026-05-01 16:03	30.722	23.0	12.039	1002.608	0.398	0.501	189.0	5.0	580.29	0.0	0.0	87.3	53.67	0.89	1.12
2026-05-01 16:04	30.722	23.0	12.039	1002.507	0.398	0.501	207.0	5.0	577.77	0.0	0.0	87.3	53.67	0.89	1.12
2026-05-01 16:05	30.722	23.0	12.039	1002.608	0.0	0.0	194.0	5.0	574.35	0.0	0.0	87.3	53.67	0.0	0.0
2026-05-01 16:06	30.722	23.0	12.039	1002.507	0.599	1.001	184.0	5.0	570.95	0.0	0.0	87.3	53.67	1.34	2.24
2026-05-01 16:07	30.722	23.0	12.039	1002.608	0.0	0.0	202.0	5.0	565.97	0.0	0.0	87.3	53.67	0.0	0.0
2026-05-01 16:08	30.722	23.0	12.039	1002.608	0.201	0.501	200.0	5.0	562.22	0.0	0.0	87.3	53.67	0.45	1.12
2026-05-01 16:09	30.722	23.0	12.039	1002.507	0.599	1.001	220.0	5.0	559.16	0.0	0.0	87.3	53.67	1.34	2.24
2026-05-01 16:10	30.722	23.0	12.039	1002.608	0.0	0.0	191.0	5.0	554.8	0.0	0.0	87.3	53.67	0.0	0.0
2026-05-01 16:11	30.722	23.0	12.039	1002.608	0.501	0.501	202.0	5.0	552.67	0.0	0.0	87.3	53.67	1.12	1.12
2026-05-01 16:12	30.722	23.0	12.039	1002.507	0.398	0.501	210.0	5.0	548.68	0.0	0.0	87.3	53.67	0.89	1.12
2026-05-01 16:13	30.722	23.0	12.039	1002.507	0.398	0.501	210.0	5.0	548.68	0.0	0.0	87.3	53.67	0.89	1.12
2026-05-01 16:14	30.722	23.0	12.039	1002.405	0.599	1.001	186.0	5.0	543.91	0.0	0.0	87.3	53.67	1.34	2.24
2026-05-01 16:15	30.722	22.0	11.533	1002.405	0.098	0.501	200.0	5.0	538.37	0.0	0.0	87.3	52.76	0.22	1.12
2026-05-01 16:16	30.722	23.0	12.039	1002.507	0.398	0.501	198.0	5.0	531.71	0.0	0.0	87.3	53.67	0.89	1.12
2026-05-01 16:17	30.722	23.0	12.039	1002.405	0.0	0.0	200.0	5.0	528.45	0.0	0.0	87.3	53.67	0.0	0.0
2026-05-01 16:18	30.722	23.0	12.039	1002.507	0.599	1.001	176.0	5.0	524.83	0.0	0.0	87.3	53.67	1.34	2.24
2026-05-01 16:19	30.722	22.0	11.533	1002.405	0.398	0.501	194.0	5.0	519.89	0.0	0.0	87.3	52.76	0.89	1.12
2026-05-01 16:20	30.722	23.0	12.039	1002.507	0.201	0.501	177.0	5.0	515.48	0.0	0.0	87.3	53.67	0.45	1.12
2026-05-01 16:21	30.778	23.0	12.083	1002.507	1.001	1.502	329.0	4.0	511.49	0.0	0.0	87.4	53.75	2.24	3.36
2026-05-01 16:22	30.778	22.0	11.578	1002.608	0.501	0.501	208.0	4.0	507.11	0.0	0.0	87.4	52.84	1.12	1.12
2026-05-01 16:23	30.778	22.0	11.578	1002.405	0.398	0.501	184.0	4.0	502.3	0.0	0.0	87.4	52.84	0.89	1.12
2026-05-01 16:24	30.778	22.0	11.578	1002.507	0.398	1.001	226.0	4.0	498.29	0.0	0.0	87.4	52.84	0.89	2.24
2026-05-01 16:25	30.778	23.0	12.083	1002.405	0.599	1.001	269.0	4.0	495.22	0.0	0.0	87.4	53.75	1.34	2.24
2026-05-01 16:26	30.778	23.0	12.083	1002.405	0.398	0.501	227.0	4.0	490.85	0.0	0.0	87.4	53.75	0.89	1.12
2026-05-01 16:27	30.778	23.0	12.083	1002.304	0.398	0.501	177.0	4.0	485.79	0.0	0.0	87.4	53.75	0.89	1.12
2026-05-01 16:28	30.778	23.0	12.083	1002.405	0.098	0.501	200.0	4.0	481.69	0.0	0.0	87.4	53.75	0.22	1.12
2026-05-01 16:29	30.778	23.0	12.083	1002.304	0.398	1.998	223.0	4.0	477.1	0.0	0.0	87.4	53.75	0.89	4.47
2026-05-01 16:30	30.889	23.0	12.172	1002.405	1.502	1.998	250.0	4.0	474.25	0.0	0.0	87.6	53.91	3.36	4.47
2026-05-01 16:31	30.889	23.0	12.172	1002.304	0.3	0.501	188.0	4.0	467.72	0.0	0.0	87.6	53.91	0.67	1.12
2026-05-01 16:32	30.889	23.0	12.172	1002.507	0.0	0.0	195.0	4.0	461.92	0.0	0.0	87.6	53.91	0.0	0.0
2026-05-01 16:33	30.889	23.0	12.172	1002.304	0.899	1.502	172.0	4.0	458.75	0.0	0.0	87.6	53.91	2.01	3.36
2026-05-01 16:34	30.889	23.0	12.172	1002.405	0.0	0.0	198.0	4.0	454.51	0.0	0.0	87.6	53.91	0.0	0.0
2026-05-01 16:35	30.889	23.0	12.172	1002.405	0.098	0.501	200.0	4.0	451.77	0.0	0.0	87.6	53.91	0.22	1.12
2026-05-01 16:36	30.889	23.0	12.172	1002.304	0.098	0.501	167.0	4.0	448.37	0.0	0.0	87.6	53.91	0.22	1.12
2026-05-01 16:37	30.889	23.0	12.172	1002.101	0.0	0.0	200.0	4.0	442.55	0.0	0.0	87.6	53.91	0.0	0.0
2026-05-01 16:38	30.889	23.0	12.172	1002.202	0.599	1.001	176.0	4.0	440.83	0.0	0.0	87.6	53.91	1.34	2.24
2026-05-01 16:39	30.889	23.0	12.172	1002.304	0.098	0.501	171.0	4.0	436.98	0.0	0.0	87.6	53.91	0.22	1.12
2026-05-01 16:40	30.778	23.0	12.083	1002.304	0.501	1.001	198.0	4.0	433.85	0.0	0.0	87.4	53.75	1.12	2.24
2026-05-01 16:41	30.778	23.0	12.083	1002.101	0.3	0.501	207.0	4.0	429.69	0.0	0.0	87.4	53.75	0.67	1.12
2026-05-01 16:42	30.778	23.0	12.083	1002.101	0.599	1.001	236.0	4.0	425.21	0.0	0.0	87.4	53.75	1.34	2.24
2026-05-01 16:43	30.778	23.0	12.083	1002.304	1.001	1.998	245.0	4.0	420.94	0.0	0.0	87.4	53.75	2.24	4.47
2026-05-01 16:44	30.889	22.0	11.667	1002.405	1.001	1.502	201.0	4.0	417.72	0.0	0.0	87.6	53.0	2.24	3.36
2026-05-01 16:45	30.889	22.0	11.667	1002.507	1.301	1.502	267.0	4.0	413.39	0.0	0.0	87.6	53.0	2.91	3.36
2026-05-01 16:46	30.889	22.0	11.667	1002.202	0.599	1.001	183.0	3.0	407.6	0.0	0.0	87.6	53.0	1.34	2.24
2026-05-01 16:47	31.0	22.0	11.756	1002.304	0.3	0.501	189.0	3.0	400.88	0.0	0.0	87.8	53.16	0.67	1.12
2026-05-01 16:48	31.0	22.0	11.756	1002.304	1.699	1.998	212.0	3.0	397.61	0.0	0.0	87.8	53.16	3.8	4.47
2026-05-01 16:49	31.0	22.0	11.756	1002.101	0.8	1.001	200.0	3.0	393.92	0.0	0.0	87.8	53.16	1.79	2.24
2026-05-01 16:50	31.0	22.0	11.756	1002.405	1.699	1.998	265.0	3.0	388.95	0.0	0.0	87.8	53.16	3.8	4.47
2026-05-01 16:51	31.111	22.0	11.844	1002.405	0.702	1.001	231.0	3.0	384.03	0.0	0.0	88.0	53.32	1.57	2.24
2026-05-01 16:52	31.111	22.0	11.844	1002.405	0.599	1.001	217.0	3.0	379.55	0.0	0.0	88.0	53.32	1.34	2.24
2026-05-01 16:53	31.111	22.0	11.844	1002.304	0.702	1.001	219.0	3.0	376.19	0.0	0.0	88.0	53.32	1.57	2.24
2026-05-01 16:54	31.111	22.0	11.844	1002.405	0.398	0.501	219.0	3.0	372.94	0.0	0.0	88.0	53.32	0.89	1.12
2026-05-01 16:55	31.111	21.0	11.317	1002.304	1.1	2.602	248.0	3.0	367.87	0.0	0.0	88.0	52.37	2.46	5.82
2026-05-01 16:56	31.111	21.0	11.317	1002.304	1.001	1.001	213.0	3.0	363.36	0.0	0.0	88.0	52.37	2.24	2.24
2026-05-01 16:57	31.0	22.0	11.756	1002.202	0.501	0.501	195.0	3.0	358.61	0.0	0.0	87.8	53.16	1.12	1.12
2026-05-01 16:58	31.0	22.0	11.756	1002.202	0.201	0.501	196.0	3.0	352.15	0.0	0.0	87.8	53.16	0.45	1.12
2026-05-01 16:59	31.0	22.0	11.756	1002.405	0.0	0.0	196.0	3.0	346.81	0.0	0.0	87.8	53.16	0.0	0.0
2026-05-01 17:00	31.0	22.0	11.756	1002.405	0.098	0.501	187.0	3.0	343.0	0.0	0.0	87.8	53.16	0.22	1.12
2026-05-01 17:01	31.0	22.0	11.756	1002.202	0.0	0.0	188.0	3.0	337.81	0.0	0.0	87.8	53.16	0.0	0.0
2026-05-01 17:02	31.0	22.0	11.756	1002.405	0.0	0.0	188.0	3.0	334.63	0.0	0.0	87.8	53.16	0.0	0.0
2026-05-01 17:03	31.0	22.0	11.756	1002.304	0.3	0.501	194.0	3.0	329.44	0.0	0.0	87.8	53.16	0.67	1.12
2026-05-01 17:04	31.0	22.0	11.756	1002.304	0.098	0.501	188.0	3.0	326.19	0.0	0.0	87.8	53.16	0.22	1.12
2026-05-01 17:05	31.0	22.0	11.756	1002.202	0.599	1.001	208.0	3.0	322.51	0.0	0.0	87.8	53.16	1.34	2.24
2026-05-01 17:06	31.0	22.0	11.756	1002.202	0.398	0.501	199.0	3.0	318.39	0.0	0.0	87.8	53.16	0.89	1.12
2026-05-01 17:07	31.0	22.0	11.756	1002.202	0.599	1.001	240.0	3.0	314.27	0.0	0.0	87.8	53.16	1.34	2.24
2026-05-01 17:08	31.0	22.0	11.756	1002.405	0.599	1.001	172.0	3.0	310.81	0.0	0.0	87.8	53.16	1.34	2.24
2026-05-01 17:09	31.0	22.0	11.756	1002.304	0.201	0.501	201.0	2.0	305.65	0.0	0.0	87.8	53.16	0.45	1.12
2026-05-01 17:10	31.0	22.0	11.756	1002.202	0.398	0.501	196.0	2.0	301.78	0.0	0.0	87.8	53.16	0.89	1.12
2026-05-01 17:11	31.0	22.0	11.756	1002.202	0.3	0.501	199.0	2.0	298.37	0.0	0.0	87.8	53.16	0.67	1.12
2026-05-01 17:12	31.0	22.0	11.756	1002.101	0.3	0.501	187.0	2.0	295.07	0.0	0.0	87.8	53.16	0.67	1.12
2026-05-01 17:13	31.0	22.0	11.756	1002.101	0.3	0.501	187.0	2.0	295.07	0.0	0.0	87.8	53.16	0.67	1.12
2026-05-01 17:14	31.0	22.0	11.756	1002.405	0.098	0.501	183.0	2.0	297.24	0.0	0.0	87.8	53.16	0.22	1.12
2026-05-01 17:15	31.0	22.0	11.756	1002.202	0.0	0.0	200.0	2.0	283.39	0.0	0.0	87.8	53.16	0.0	0.0
2026-05-01 17:16	31.0	22.0	11.756	1002.101	0.0	0.0	194.0	2.0	277.99	0.0	0.0	87.8	53.16	0.0	0.0
2026-05-01 17:17	31.0	22.0	11.756	1002.304	0.0	0.0	193.0	2.0	274.41	0.0	0.0	87.8	53.16	0.0	0.0
2026-05-01 17:18	31.0	22.0	11.756	1002.101	0.398	0.501	210.0	2.0	269.72	0.0	0.0	87.8	53.16	0.89	1.12
2026-05-01 17:19	31.0	22.0	11.756	1002.202	0.3	0.501	205.0	2.0	267.16	0.0	0.0	87.8	53.16	0.67	1.12
2026-05-01 17:20	31.0	22.0	11.756	1002.304	0.702	1.001	248.0	2.0	262.68	0.0	0.0	87.8	53.16	1.57	2.24
2026-05-01 17:21	31.0	22.0	11.756	1002.101	1.699	1.998	279.0	2.0	258.69	0.0	0.0	87.8	53.16	3.8	4.47
2026-05-01 17:22	31.0	22.0	11.756	1002.101	0.8	1.001	182.0	2.0	258.31	0.0	0.0	87.8	53.16	1.79	2.24
2026-05-01 17:23	31.0	21.0	11.228	1002.304	0.599	1.001	212.0	2.0	251.76	0.0	0.0	87.8	52.21	1.34	2.24
2026-05-01 17:24	31.0	22.0	11.756	1002.202	0.0	0.0	195.0	2.0	247.7	0.0	0.0	87.8	53.16	0.0	0.0
2026-05-01 17:25	31.0	22.0	11.756	1002.304	0.398	1.001	200.0	2.0	242.85	0.0	0.0	87.8	53.16	0.89	2.24
2026-05-01 17:26	31.0	22.0	11.756	1002.101	0.0	0.0	192.0	2.0	237.32	0.0	0.0	87.8	53.16	0.0	0.0
2026-05-01 17:27	31.0	22.0	11.756	1002.202	0.8	1.502	207.0	2.0	234.0	0.0	0.0	87.8	53.16	1.79	3.36
2026-05-01 17:28	31.0	22.0	11.756	1002.101	0.398	0.501	250.0	2.0	230.1	0.0	0.0	87.8	53.16	0.89	1.12
2026-05-01 17:29	30.889	21.0	11.139	1002.202	0.3	0.501	183.0	2.0	229.52	0.0	0.0	87.6	52.05	0.67	1.12
2026-05-01 17:30	30.889	21.0	11.139	1002.202	0.098	0.501	209.0	2.0	220.72	0.0	0.0	87.6	52.05	0.22	1.12
2026-05-01 17:31	30.889	20.0	10.589	1001.999	0.3	0.501	200.0	2.0	215.96	0.0	0.0	87.6	51.06	0.67	1.12
2026-05-01 17:32	30.889	21.0	11.139	1002.202	0.201	0.501	168.0	2.0	210.24	0.0	0.0	87.6	52.05	0.45	1.12
2026-05-01 17:33	30.889	21.0	11.139	1002.202	0.3	0.501	121.0	2.0	206.61	0.0	0.0	87.6	52.05	0.67	1.12
2026-05-01 17:34	30.889	20.0	10.589	1001.999	0.0	0.0	201.0	1.0	203.47	0.0	0.0	87.6	51.06	0.0	0.0
2026-05-01 17:35	30.889	19.0	10.017	1002.202	0.098	0.501	196.0	1.0	198.97	0.0	0.0	87.6	50.03	0.22	1.12
2026-05-01 17:36	30.778	20.0	10.506	1002.304	0.398	0.501	205.0	1.0	195.53	0.0	0.0	87.4	50.91	0.89	1.12
2026-05-01 17:37	30.778	20.0	10.506	1002.101	0.501	0.501	227.0	1.0	191.63	0.0	0.0	87.4	50.91	1.12	1.12
2026-05-01 17:38	30.778	20.0	10.506	1002.101	0.0	0.0	194.0	1.0	187.32	0.0	0.0	87.4	50.91	0.0	0.0
2026-05-01 17:39	30.778	20.0	10.506	1002.101	0.8	1.001	215.0	1.0	184.85	0.0	0.0	87.4	50.91	1.79	2.24
2026-05-01 17:40	30.778	20.0	10.506	1002.101	1.502	1.502	221.0	1.0	181.07	0.0	0.0	87.4	50.91	3.36	3.36
2026-05-01 17:41	30.778	20.0	10.506	1002.101	0.3	0.501	210.0	1.0	176.32	0.0	0.0	87.4	50.91	0.67	1.12
2026-05-01 17:42	30.778	20.0	10.506	1002.405	0.3	0.501	209.0	1.0	172.8	0.0	0.0	87.4	50.91	0.67	1.12
2026-05-01 17:43	30.778	21.0	11.05	1002.202	0.899	1.502	210.0	1.0	168.96	0.0	0.0	87.4	51.89	2.01	3.36
2026-05-01 17:44	30.778	21.0	11.05	1002.101	0.098	0.501	199.0	1.0	166.24	0.0	0.0	87.4	51.89	0.22	1.12
2026-05-01 17:45	30.778	21.0	11.05	1002.202	0.398	1.001	256.0	1.0	162.04	0.0	0.0	87.4	51.89	0.89	2.24
2026-05-01 17:46	30.778	21.0	11.05	1002.101	0.201	0.501	196.0	1.0	157.69	0.0	0.0	87.4	51.89	0.45	1.12
2026-05-01 17:47	30.778	21.0	11.05	1002.202	0.0	0.0	200.0	1.0	153.79	0.0	0.0	87.4	51.89	0.0	0.0
2026-05-01 17:48	30.778	21.0	11.05	1002.101	0.0	0.0	207.0	1.0	149.19	0.0	0.0	87.4	51.89	0.0	0.0
2026-05-01 17:49	30.778	20.0	10.506	1002.101	0.098	0.501	192.0	1.0	149.36	0.0	0.0	87.4	50.91	0.22	1.12
2026-05-01 17:50	30.778	21.0	11.05	1002.202	0.0	0.0	196.0	1.0	142.99	0.0	0.0	87.4	51.89	0.0	0.0
2026-05-01 17:51	30.778	21.0	11.05	1002.202	0.3	0.501	210.0	1.0	139.76	0.0	0.0	87.4	51.89	0.67	1.12
2026-05-01 17:52	30.722	21.0	11.006	1002.202	0.098	0.501	191.0	1.0	138.11	0.0	0.0	87.3	51.81	0.22	1.12
2026-05-01 17:53	30.722	21.0	11.006	1002.101	0.599	1.001	209.0	1.0	133.44	0.0	0.0	87.3	51.81	1.34	2.24
2026-05-01 17:54	30.722	21.0	11.006	1002.101	0.201	0.501	178.0	1.0	129.7	0.0	0.0	87.3	51.81	0.45	1.12
2026-05-01 17:55	30.722	21.0	11.006	1002.101	0.398	0.501	198.0	1.0	126.23	0.0	0.0	87.3	51.81	0.89	1.12
2026-05-01 17:56	30.722	21.0	11.006	1002.304	0.0	0.0	181.0	1.0	123.38	0.0	0.0	87.3	51.81	0.0	0.0
2026-05-01 17:57	30.611	21.0	10.917	1002.101	0.0	0.0	197.0	1.0	120.73	0.0	0.0	87.1	51.65	0.0	0.0
2026-05-01 17:58	30.722	20.0	10.461	1002.101	0.201	0.501	185.0	1.0	117.76	0.0	0.0	87.3	50.83	0.45	1.12
2026-05-01 17:59	30.611	21.0	10.917	1001.999	0.098	0.501	205.0	1.0	114.04	0.0	0.0	87.1	51.65	0.22	1.12
2026-05-01 18:00	30.611	21.0	10.917	1001.897	0.0	0.0	195.0	1.0	111.9	0.0	0.0	87.1	51.65	0.0	0.0
2026-05-01 18:01	30.611	21.0	10.917	1002.101	0.501	1.001	269.0	1.0	108.78	0.0	0.0	87.1	51.65	1.12	2.24
2026-05-01 18:02	30.611	20.0	10.372	1002.101	0.3	1.001	255.0	1.0	105.9	0.0	0.0	87.1	50.67	0.67	2.24
2026-05-01 18:03	30.611	20.0	10.372	1002.202	0.098	0.501	174.0	1.0	102.71	0.0	0.0	87.1	50.67	0.22	1.12
2026-05-01 18:04	30.611	20.0	10.372	1002.101	0.599	1.001	235.0	0.0	99.49	0.0	0.0	87.1	50.67	1.34	2.24
2026-05-01 18:05	30.611	20.0	10.372	1002.202	0.501	0.501	206.0	0.0	97.04	0.0	0.0	87.1	50.67	1.12	1.12
2026-05-01 18:06	30.611	21.0	10.917	1001.897	0.398	0.501	199.0	0.0	94.01	0.0	0.0	87.1	51.65	0.89	1.12
2026-05-01 18:07	30.611	21.0	10.917	1002.101	0.201	0.501	181.0	0.0	91.19	0.0	0.0	87.1	51.65	0.45	1.12
2026-05-01 18:08	30.611	21.0	10.917	1002.202	0.0	0.0	205.0	0.0	87.93	0.0	0.0	87.1	51.65	0.0	0.0
2026-05-01 18:09	30.611	21.0	10.917	1002.101	0.0	0.0	200.0	0.0	85.44	0.0	0.0	87.1	51.65	0.0	0.0
2026-05-01 18:10	30.611	21.0	10.917	1001.999	0.0	0.0	199.0	0.0	84.01	0.0	0.0	87.1	51.65	0.0	0.0
2026-05-01 18:11	30.611	21.0	10.917	1001.897	0.0	0.0	192.0	0.0	81.44	0.0	0.0	87.1	51.65	0.0	0.0
2026-05-01 18:12	30.611	21.0	10.917	1001.999	0.0	0.0	215.0	0.0	78.56	0.0	0.0	87.1	51.65	0.0	0.0
2026-05-01 18:13	30.611	21.0	10.917	1001.897	0.398	1.001	169.0	0.0	75.66	0.0	0.0	87.1	51.65	0.89	2.24
2026-05-01 18:14	30.5	20.0	10.283	1001.999	0.599	1.001	194.0	0.0	73.08	0.0	0.0	86.9	50.51	1.34	2.24
2026-05-01 18:15	30.5	20.0	10.283	1001.999	0.599	1.001	194.0	0.0	73.08	0.0	0.0	86.9	50.51	1.34	2.24
2026-05-01 18:16	30.5	20.0	10.283	1001.999	0.3	0.501	187.0	0.0	64.15	0.0	0.0	86.9	50.51	0.67	1.12
2026-05-01 18:17	30.5	20.0	10.283	1002.101	1.301	1.502	185.0	0.0	69.38	0.0	0.0	86.9	50.51	2.91	3.36
2026-05-01 18:18	30.5	20.0	10.283	1001.999	0.0	0.0	197.0	0.0	65.18	0.0	0.0	86.9	50.51	0.0	0.0
2026-05-01 18:19	30.5	20.0	10.283	1001.999	0.0	0.0	195.0	0.0	61.17	0.0	0.0	86.9	50.51	0.0	0.0
2026-05-01 18:20	30.389	20.0	10.194	1001.897	0.098	0.501	193.0	0.0	60.27	0.0	0.0	86.7	50.35	0.22	1.12
2026-05-01 18:21	30.389	20.0	10.194	1001.897	0.0	0.0	189.0	0.0	59.93	0.0	0.0	86.7	50.35	0.0	0.0
2026-05-01 18:22	30.389	20.0	10.194	1001.999	0.098	0.501	185.0	0.0	58.67	0.0	0.0	86.7	50.35	0.22	1.12
2026-05-01 18:23	30.389	20.0	10.194	1001.897	0.0	0.0	186.0	0.0	56.5	0.0	0.0	86.7	50.35	0.0	0.0
2026-05-01 18:24	30.389	19.0	9.622	1001.897	0.501	1.001	184.0	0.0	55.48	0.0	0.0	86.7	49.32	1.12	2.24
2026-05-01 18:25	30.389	20.0	10.194	1001.999	0.3	0.501	191.0	0.0	53.65	0.0	0.0	86.7	50.35	0.67	1.12
2026-05-01 18:26	30.278	20.0	10.106	1001.897	0.201	0.501	192.0	0.0	46.39	0.0	0.0	86.5	50.19	0.45	1.12
2026-05-01 18:27	30.278	20.0	10.106	1001.897	0.098	0.501	213.0	0.0	48.47	0.0	0.0	86.5	50.19	0.22	1.12
2026-05-01 18:28	30.278	20.0	10.106	1002.202	0.0	0.0	186.0	0.0	48.98	0.0	0.0	86.5	50.19	0.0	0.0
2026-05-01 18:29	30.278	20.0	10.106	1002.202	0.0	0.0	201.0	0.0	47.51	0.0	0.0	86.5	50.19	0.0	0.0
2026-05-01 18:30	30.278	20.0	10.106	1001.999	0.0	0.0	191.0	0.0	45.96	0.0	0.0	86.5	50.19	0.0	0.0
2026-05-01 18:31	30.222	20.0	10.061	1001.897	0.098	0.501	189.0	0.0	44.51	0.0	0.0	86.4	50.11	0.22	1.12
2026-05-01 18:32	30.222	19.0	9.494	1001.999	0.098	0.501	206.0	0.0	43.08	0.0	0.0	86.4	49.09	0.22	1.12
2026-05-01 18:33	30.222	19.0	9.494	1001.694	1.001	1.001	247.0	0.0	41.99	0.0	0.0	86.4	49.09	2.24	2.24
2026-05-01 18:34	30.222	19.0	9.494	1002.101	0.098	0.501	200.0	0.0	40.43	0.0	0.0	86.4	49.09	0.22	1.12
2026-05-01 18:35	30.222	19.0	9.494	1002.202	0.201	0.501	220.0	0.0	38.98	0.0	0.0	86.4	49.09	0.45	1.12
2026-05-01 18:36	30.222	19.0	9.494	1001.999	0.398	0.501	177.0	0.0	37.17	0.0	0.0	86.4	49.09	0.89	1.12
2026-05-01 18:37	30.222	20.0	10.061	1002.101	0.0	0.0	200.0	0.0	35.31	0.0	0.0	86.4	50.11	0.0	0.0
2026-05-01 18:38	30.222	20.0	10.061	1001.999	0.599	1.502	210.0	0.0	32.09	0.0	0.0	86.4	50.11	1.34	3.36
2026-05-01 18:39	30.111	20.0	9.978	1001.897	0.098	0.501	184.0	0.0	29.63	0.0	0.0	86.2	49.96	0.22	1.12
2026-05-01 18:40	30.111	20.0	9.978	1001.999	0.098	0.501	198.0	0.0	28.47	0.0	0.0	86.2	49.96	0.22	1.12
2026-05-01 18:41	30.111	21.0	10.522	1001.897	0.0	0.0	199.0	0.0	27.6	0.0	0.0	86.2	50.94	0.0	0.0
2026-05-01 18:42	30.111	20.0	9.978	1001.999	0.098	0.501	177.0	0.0	26.62	0.0	0.0	86.2	49.96	0.22	1.12
2026-05-01 18:43	30.111	20.0	9.978	1001.999	0.3	0.501	192.0	0.0	26.26	0.0	0.0	86.2	49.96	0.67	1.12
2026-05-01 18:44	30.111	20.0	9.978	1001.897	0.0	0.0	183.0	0.0	25.44	0.0	0.0	86.2	49.96	0.0	0.0
2026-05-01 18:45	30.0	20.0	9.889	1001.999	0.0	0.0	190.0	0.0	24.69	0.0	0.0	86.0	49.8	0.0	0.0
2026-05-01 18:46	30.0	20.0	9.889	1001.897	0.0	0.0	187.0	0.0	23.9	0.0	0.0	86.0	49.8	0.0	0.0
2026-05-01 18:47	30.0	20.0	9.889	1001.999	0.201	0.501	202.0	0.0	23.03	0.0	0.0	86.0	49.8	0.45	1.12
2026-05-01 18:48	29.889	20.0	9.8	1001.897	0.398	0.501	184.0	0.0	22.1	0.0	0.0	85.8	49.64	0.89	1.12
2026-05-01 18:49	29.889	20.0	9.8	1002.101	0.0	0.0	198.0	0.0	21.54	0.0	0.0	85.8	49.64	0.0	0.0
2026-05-01 18:50	29.889	20.0	9.8	1001.999	0.0	0.0	192.0	0.0	20.77	0.0	0.0	85.8	49.64	0.0	0.0
2026-05-01 18:51	29.889	20.0	9.8	1001.999	0.3	0.501	196.0	0.0	19.91	0.0	0.0	85.8	49.64	0.67	1.12
2026-05-01 18:52	29.778	20.0	9.711	1001.999	0.0	0.0	186.0	0.0	19.08	0.0	0.0	85.6	49.48	0.0	0.0
2026-05-01 18:53	29.778	20.0	9.711	1002.405	0.098	0.501	180.0	0.0	18.41	0.0	0.0	85.6	49.48	0.22	1.12
2026-05-01 18:54	29.778	20.0	9.711	1002.202	0.098	0.501	191.0	0.0	17.47	0.0	0.0	85.6	49.48	0.22	1.12
2026-05-01 18:55	29.722	20.0	9.667	1001.999	0.0	0.0	191.0	0.0	16.63	0.0	0.0	85.5	49.4	0.0	0.0
2026-05-01 18:56	29.722	20.0	9.667	1001.999	0.098	0.501	189.0	0.0	15.7	0.0	0.0	85.5	49.4	0.22	1.12
2026-05-01 18:57	29.722	20.0	9.667	1002.202	0.098	0.501	185.0	0.0	15.03	0.0	0.0	85.5	49.4	0.22	1.12
2026-05-01 18:58	29.722	20.0	9.667	1002.202	0.0	0.0	193.0	0.0	14.25	0.0	0.0	85.5	49.4	0.0	0.0
2026-05-01 18:59	29.611	20.0	9.578	1002.202	0.201	0.501	229.0	0.0	13.37	0.0	0.0	85.3	49.24	0.45	1.12
2026-05-01 19:00	29.611	20.0	9.578	1002.101	0.0	0.0	192.0	0.0	12.48	0.0	0.0	85.3	49.24	0.0	0.0
2026-05-01 19:01	29.611	20.0	9.578	1002.101	0.0	0.0	182.0	0.0	11.61	0.0	0.0	85.3	49.24	0.0	0.0
2026-05-01 19:02	29.611	20.0	9.578	1002.101	0.0	0.0	187.0	0.0	10.76	0.0	0.0	85.3	49.24	0.0	0.0
2026-05-01 19:03	29.611	20.0	9.578	1002.101	0.098	0.501	190.0	0.0	9.97	0.0	0.0	85.3	49.24	0.22	1.12
2026-05-01 19:04	29.611	20.0	9.578	1002.304	0.398	0.501	220.0	0.0	9.26	0.0	0.0	85.3	49.24	0.89	1.12
2026-05-01 19:05	29.611	20.0	9.578	1001.999	0.398	0.501	151.0	0.0	8.61	0.0	0.0	85.3	49.24	0.89	1.12
2026-05-01 19:06	29.611	20.0	9.578	1002.202	0.098	0.501	188.0	0.0	7.87	0.0	0.0	85.3	49.24	0.22	1.12
2026-05-01 19:07	29.611	20.0	9.578	1002.202	0.098	0.501	175.0	0.0	7.16	0.0	0.0	85.3	49.24	0.22	1.12
2026-05-01 19:08	29.389	20.0	9.406	1002.405	0.3	0.501	198.0	0.0	6.49	0.0	0.0	84.9	48.93	0.67	1.12
2026-05-01 19:09	29.389	20.0	9.406	1002.304	0.098	0.501	184.0	0.0	5.85	0.0	0.0	84.9	48.93	0.22	1.12
2026-05-01 19:10	29.389	20.0	9.406	1002.405	0.201	0.501	190.0	0.0	5.36	0.0	0.0	84.9	48.93	0.45	1.12
2026-05-01 19:11	29.389	20.0	9.406	1002.304	0.098	0.501	184.0	0.0	4.77	0.0	0.0	84.9	48.93	0.22	1.12
2026-05-01 19:12	29.278	20.0	9.317	1002.202	0.201	0.501	194.0	0.0	4.21	0.0	0.0	84.7	48.77	0.45	1.12
2026-05-01 19:13	29.278	20.0	9.317	1002.507	0.0	0.0	193.0	0.0	3.69	0.0	0.0	84.7	48.77	0.0	0.0
2026-05-01 19:14	29.278	20.0	9.317	1002.304	0.201	0.501	196.0	0.0	3.24	0.0	0.0	84.7	48.77	0.45	1.12
2026-05-01 19:15	29.278	20.0	9.317	1002.304	0.201	0.501	196.0	0.0	3.24	0.0	0.0	84.7	48.77	0.45	1.12
2026-05-01 19:16	29.278	20.0	9.317	1002.405	0.0	0.0	184.0	0.0	2.89	0.0	0.0	84.7	48.77	0.0	0.0
2026-05-01 19:17	29.278	20.0	9.317	1002.101	0.098	0.501	196.0	0.0	2.53	0.0	0.0	84.7	48.77	0.22	1.12
2026-05-01 19:18	29.222	20.0	9.272	1002.304	0.0	0.0	182.0	0.0	2.16	0.0	0.0	84.6	48.69	0.0	0.0
2026-05-01 19:19	29.222	20.0	9.272	1002.304	0.0	0.0	189.0	0.0	1.84	0.0	0.0	84.6	48.69	0.0	0.0
2026-05-01 19:20	29.222	20.0	9.272	1002.405	0.0	0.0	182.0	0.0	1.55	0.0	0.0	84.6	48.69	0.0	0.0
2026-05-01 19:21	29.111	21.0	9.722	1002.304	0.0	0.0	185.0	0.0	1.29	0.0	0.0	84.4	49.5	0.0	0.0
2026-05-01 19:22	29.111	21.0	9.722	1002.202	0.398	0.501	188.0	0.0	1.12	0.0	0.0	84.4	49.5	0.89	1.12
2026-05-01 19:23	29.111	20.0	9.183	1002.304	0.0	0.0	184.0	0.0	0.92	0.0	0.0	84.4	48.53	0.0	0.0
2026-05-01 19:24	29.111	21.0	9.722	1002.304	0.0	0.0	190.0	0.0	0.75	0.0	0.0	84.4	49.5	0.0	0.0
2026-05-01 19:25	29.0	21.0	9.633	1002.304	0.0	0.0	194.0	0.0	0.6	0.0	0.0	84.2	49.34	0.0	0.0
2026-05-01 19:26	29.0	21.0	9.633	1002.507	0.3	0.501	188.0	0.0	0.48	0.0	0.0	84.2	49.34	0.67	1.12
2026-05-01 19:27	29.0	21.0	9.633	1002.304	0.098	0.501	178.0	0.0	0.4	0.0	0.0	84.2	49.34	0.22	1.12
2026-05-01 19:28	29.0	21.0	9.633	1002.304	0.0	0.0	182.0	0.0	0.32	0.0	0.0	84.2	49.34	0.0	0.0
2026-05-01 19:29	29.0	21.0	9.633	1002.405	0.0	0.0	198.0	0.0	0.25	0.0	0.0	84.2	49.34	0.0	0.0
2026-05-01 19:30	28.889	21.0	9.544	1002.304	0.0	0.0	190.0	0.0	0.19	0.0	0.0	84.0	49.18	0.0	0.0
2026-05-01 19:31	28.889	21.0	9.544	1002.202	0.0	0.0	190.0	0.0	0.15	0.0	0.0	84.0	49.18	0.0	0.0
2026-05-01 19:32	28.889	21.0	9.544	1002.405	0.3	0.501	190.0	0.0	0.13	0.0	0.0	84.0	49.18	0.67	1.12
2026-05-01 19:33	28.889	21.0	9.544	1002.405	0.098	0.501	196.0	0.0	0.09	0.0	0.0	84.0	49.18	0.22	1.12
2026-05-01 19:34	28.778	21.0	9.456	1002.405	0.0	0.0	188.0	0.0	0.07	0.0	0.0	83.8	49.02	0.0	0.0
2026-05-01 19:35	28.778	21.0	9.456	1002.405	0.0	0.0	191.0	0.0	0.06	0.0	0.0	83.8	49.02	0.0	0.0
2026-05-01 19:36	28.722	21.0	9.411	1002.405	0.0	0.0	191.0	0.0	0.05	0.0	0.0	83.7	48.94	0.0	0.0
2026-05-01 19:37	28.722	21.0	9.411	1002.507	0.0	0.0	180.0	0.0	0.03	0.0	0.0	83.7	48.94	0.0	0.0
2026-05-01 19:38	28.722	21.0	9.411	1002.304	0.0	0.0	191.0	0.0	0.03	0.0	0.0	83.7	48.94	0.0	0.0
2026-05-01 19:39	28.722	21.0	9.411	1002.608	0.0	0.0	187.0	0.0	0.02	0.0	0.0	83.7	48.94	0.0	0.0
2026-05-01 19:40	28.611	21.0	9.322	1002.507	0.3	0.501	182.0	0.0	0.02	0.0	0.0	83.5	48.78	0.67	1.12
2026-05-01 19:41	28.611	21.0	9.322	1002.507	0.098	0.501	181.0	0.0	0.02	0.0	0.0	83.5	48.78	0.22	1.12
2026-05-01 19:42	28.611	21.0	9.322	1002.304	0.098	0.501	199.0	0.0	0.01	0.0	0.0	83.5	48.78	0.22	1.12
2026-05-01 19:43	28.611	21.0	9.322	1002.304	0.3	0.501	167.0	0.0	0.01	0.0	0.0	83.5	48.78	0.67	1.12
2026-05-01 19:44	28.611	21.0	9.322	1002.507	0.398	0.501	193.0	0.0	0.01	0.0	0.0	83.5	48.78	0.89	1.12
2026-05-01 19:45	28.611	21.0	9.322	1002.608	0.0	0.0	190.0	0.0	0.0	0.0	0.0	83.5	48.78	0.0	0.0
2026-05-01 19:46	28.5	21.0	9.233	1002.608	0.098	0.501	203.0	0.0	0.0	0.0	0.0	83.3	48.62	0.22	1.12
2026-05-01 19:47	28.5	21.0	9.233	1002.608	0.098	0.501	195.0	0.0	0.0	0.0	0.0	83.3	48.62	0.22	1.12
2026-05-01 19:48	28.5	21.0	9.233	1002.507	0.0	0.0	193.0	0.0	0.0	0.0	0.0	83.3	48.62	0.0	0.0
2026-05-01 19:49	28.5	21.0	9.233	1002.608	0.098	0.501	192.0	0.0	0.0	0.0	0.0	83.3	48.62	0.22	1.12
2026-05-01 19:50	28.5	21.0	9.233	1002.507	0.0	0.0	191.0	0.0	0.0	0.0	0.0	83.3	48.62	0.0	0.0
2026-05-01 19:51	28.5	21.0	9.233	1002.507	0.3	0.501	196.0	0.0	0.0	0.0	0.0	83.3	48.62	0.67	1.12
2026-05-01 19:52	28.389	21.0	9.144	1002.71	0.0	0.0	171.0	0.0	0.0	0.0	0.0	83.1	48.46	0.0	0.0
2026-05-01 19:53	28.389	21.0	9.144	1002.608	0.0	0.0	188.0	0.0	0.0	0.0	0.0	83.1	48.46	0.0	0.0
2026-05-01 19:54	28.389	21.0	9.144	1002.608	0.0	0.0	186.0	0.0	0.0	0.0	0.0	83.1	48.46	0.0	0.0
2026-05-01 19:55	28.389	21.0	9.144	1002.507	0.0	0.0	191.0	0.0	0.0	0.0	0.0	83.1	48.46	0.0	0.0
2026-05-01 19:56	28.278	21.0	9.056	1002.608	0.0	0.0	186.0	0.0	0.0	0.0	0.0	82.9	48.3	0.0	0.0
2026-05-01 19:57	28.278	21.0	9.056	1002.507	0.0	0.0	185.0	0.0	0.0	0.0	0.0	82.9	48.3	0.0	0.0
2026-05-01 19:58	28.278	21.0	9.056	1002.608	0.0	0.0	184.0	0.0	0.0	0.0	0.0	82.9	48.3	0.0	0.0
2026-05-01 19:59	28.278	21.0	9.056	1002.608	0.0	0.0	184.0	0.0	0.0	0.0	0.0	82.9	48.3	0.0	0.0
2026-05-01 20:00	28.278	21.0	9.056	1002.71	0.0	0.0	184.0	0.0	0.0	0.0	0.0	82.9	48.3	0.0	0.0
2026-05-01 20:01	28.278	21.0	9.056	1002.812	0.0	0.0	183.0	0.0	0.0	0.0	0.0	82.9	48.3	0.0	0.0
2026-05-01 20:02	28.222	21.0	9.011	1002.608	0.0	0.0	193.0	0.0	0.0	0.0	0.0	82.8	48.22	0.0	0.0
2026-05-01 20:03	28.222	21.0	9.011	1002.608	0.0	0.0	197.0	0.0	0.0	0.0	0.0	82.8	48.22	0.0	0.0
2026-05-01 20:04	28.222	21.0	9.011	1002.71	0.098	0.501	189.0	0.0	0.0	0.0	0.0	82.8	48.22	0.22	1.12
2026-05-01 20:05	28.111	21.0	8.922	1002.71	0.0	0.0	188.0	0.0	0.0	0.0	0.0	82.6	48.06	0.0	0.0
2026-05-01 20:06	28.0	21.0	8.833	1002.913	0.0	0.0	186.0	0.0	0.0	0.0	0.0	82.4	47.9	0.0	0.0
2026-05-01 20:07	28.111	21.0	8.922	1002.812	0.0	0.0	186.0	0.0	0.0	0.0	0.0	82.6	48.06	0.0	0.0
2026-05-01 20:08	28.0	21.0	8.833	1002.71	0.0	0.0	186.0	0.0	0.0	0.0	0.0	82.4	47.9	0.0	0.0
2026-05-01 20:09	28.0	21.0	8.833	1002.71	0.0	0.0	186.0	0.0	0.0	0.0	0.0	82.4	47.9	0.0	0.0
2026-05-01 20:10	28.0	21.0	8.833	1002.812	0.0	0.0	193.0	0.0	0.0	0.0	0.0	82.4	47.9	0.0	0.0
2026-05-01 20:11	28.0	22.0	9.35	1002.812	0.0	0.0	193.0	0.0	0.0	0.0	0.0	82.4	48.83	0.0	0.0
2026-05-01 20:12	27.889	22.0	9.256	1002.913	0.0	0.0	193.0	0.0	0.0	0.0	0.0	82.2	48.66	0.0	0.0
2026-05-01 20:13	27.889	22.0	9.256	1002.913	0.0	0.0	191.0	0.0	0.0	0.0	0.0	82.2	48.66	0.0	0.0
2026-05-01 20:14	27.778	22.0	9.167	1002.71	0.0	0.0	187.0	0.0	0.0	0.0	0.0	82.0	48.5	0.0	0.0
2026-05-01 20:15	27.778	22.0	9.167	1002.812	0.0	0.0	187.0	0.0	0.0	0.0	0.0	82.0	48.5	0.0	0.0
2026-05-01 20:16	27.778	22.0	9.167	1002.913	0.0	0.0	186.0	0.0	0.0	0.0	0.0	82.0	48.5	0.0	0.0
2026-05-01 20:17	27.778	22.0	9.167	1002.913	0.0	0.0	186.0	0.0	0.0	0.0	0.0	82.0	48.5	0.0	0.0
2026-05-01 20:18	27.778	22.0	9.167	1002.812	0.0	0.0	186.0	0.0	0.0	0.0	0.0	82.0	48.5	0.0	0.0
2026-05-01 20:19	27.722	22.0	9.122	1002.913	0.0	0.0	186.0	0.0	0.0	0.0	0.0	81.9	48.42	0.0	0.0
2026-05-01 20:20	27.611	22.0	9.033	1002.913	0.0	0.0	187.0	0.0	0.0	0.0	0.0	81.7	48.26	0.0	0.0
2026-05-01 20:21	27.611	22.0	9.033	1002.812	0.0	0.0	187.0	0.0	0.0	0.0	0.0	81.7	48.26	0.0	0.0
2026-05-01 20:22	27.611	22.0	9.033	1003.015	0.0	0.0	189.0	0.0	0.0	0.0	0.0	81.7	48.26	0.0	0.0
2026-05-01 20:23	27.611	22.0	9.033	1003.116	0.0	0.0	189.0	0.0	0.0	0.0	0.0	81.7	48.26	0.0	0.0
2026-05-01 20:24	27.5	22.0	8.944	1003.015	0.0	0.0	189.0	0.0	0.0	0.0	0.0	81.5	48.1	0.0	0.0
2026-05-01 20:25	27.5	22.0	8.944	1003.015	0.0	0.0	189.0	0.0	0.0	0.0	0.0	81.5	48.1	0.0	0.0
2026-05-01 20:26	27.389	22.0	8.856	1003.015	0.0	0.0	189.0	0.0	0.0	0.0	0.0	81.3	47.94	0.0	0.0
2026-05-01 20:27	27.389	22.0	8.856	1003.015	0.0	0.0	189.0	0.0	0.0	0.0	0.0	81.3	47.94	0.0	0.0
2026-05-01 20:28	27.389	22.0	8.856	1003.116	0.0	0.0	189.0	0.0	0.0	0.0	0.0	81.3	47.94	0.0	0.0
2026-05-01 20:29	27.278	22.0	8.767	1003.015	0.0	0.0	189.0	0.0	0.0	0.0	0.0	81.1	47.78	0.0	0.0
2026-05-01 20:30	27.278	22.0	8.767	1003.116	0.0	0.0	189.0	0.0	0.0	0.0	0.0	81.1	47.78	0.0	0.0
2026-05-01 20:31	27.222	22.0	8.722	1003.116	0.0	0.0	189.0	0.0	0.0	0.0	0.0	81.0	47.7	0.0	0.0
2026-05-01 20:32	27.222	22.0	8.722	1003.116	0.098	0.501	182.0	0.0	0.0	0.0	0.0	81.0	47.7	0.22	1.12
2026-05-01 20:33	27.222	22.0	8.722	1003.184	0.0	0.0	188.0	0.0	0.0	0.0	0.0	81.0	47.7	0.0	0.0
2026-05-01 20:34	27.222	22.0	8.722	1003.116	0.0	0.0	187.0	0.0	0.0	0.0	0.0	81.0	47.7	0.0	0.0
2026-05-01 20:35	27.111	22.0	8.633	1003.116	0.0	0.0	187.0	0.0	0.0	0.0	0.0	80.8	47.54	0.0	0.0
2026-05-01 20:36	27.111	23.0	9.122	1003.184	0.0	0.0	188.0	0.0	0.0	0.0	0.0	80.8	48.42	0.0	0.0
2026-05-01 20:37	27.111	23.0	9.122	1003.116	0.0	0.0	187.0	0.0	0.0	0.0	0.0	80.8	48.42	0.0	0.0
2026-05-01 20:38	27.0	22.0	8.544	1003.116	0.0	0.0	188.0	0.0	0.0	0.0	0.0	80.6	47.38	0.0	0.0
2026-05-01 20:39	27.0	22.0	8.544	1003.184	0.0	0.0	180.0	0.0	0.0	0.0	0.0	80.6	47.38	0.0	0.0
2026-05-01 20:40	26.889	23.0	8.939	1003.184	0.0	0.0	194.0	0.0	0.0	0.0	0.0	80.4	48.09	0.0	0.0
2026-05-01 20:41	26.889	23.0	8.939	1003.286	0.0	0.0	194.0	0.0	0.0	0.0	0.0	80.4	48.09	0.0	0.0
2026-05-01 20:42	26.889	23.0	8.939	1003.184	0.0	0.0	194.0	0.0	0.0	0.0	0.0	80.4	48.09	0.0	0.0
2026-05-01 20:43	26.889	23.0	8.939	1003.286	0.0	0.0	194.0	0.0	0.0	0.0	0.0	80.4	48.09	0.0	0.0
2026-05-01 20:44	26.889	23.0	8.939	1003.184	0.0	0.0	194.0	0.0	0.0	0.0	0.0	80.4	48.09	0.0	0.0
2026-05-01 20:45	26.778	23.0	8.85	1003.116	0.0	0.0	194.0	0.0	0.0	0.0	0.0	80.2	47.93	0.0	0.0
2026-05-01 20:46	26.778	23.0	8.85	1003.184	0.0	0.0	192.0	0.0	0.0	0.0	0.0	80.2	47.93	0.0	0.0
2026-05-01 20:47	26.722	23.0	8.806	1003.184	0.0	0.0	192.0	0.0	0.0	0.0	0.0	80.1	47.85	0.0	0.0
2026-05-01 20:48	26.722	23.0	8.806	1003.184	0.0	0.0	192.0	0.0	0.0	0.0	0.0	80.1	47.85	0.0	0.0
2026-05-01 20:49	26.722	23.0	8.806	1003.184	0.0	0.0	192.0	0.0	0.0	0.0	0.0	80.1	47.85	0.0	0.0
2026-05-01 20:50	26.611	23.0	8.717	1003.184	0.0	0.0	192.0	0.0	0.0	0.0	0.0	79.9	47.69	0.0	0.0
2026-05-01 20:51	26.611	23.0	8.717	1003.184	0.0	0.0	192.0	0.0	0.0	0.0	0.0	79.9	47.69	0.0	0.0
2026-05-01 20:52	26.5	23.0	8.628	1003.387	0.0	0.0	192.0	0.0	0.0	0.0	0.0	79.7	47.53	0.0	0.0
2026-05-01 20:53	26.5	23.0	8.628	1003.387	0.0	0.0	192.0	0.0	0.0	0.0	0.0	79.7	47.53	0.0	0.0
2026-05-01 20:54	26.389	23.0	8.533	1003.286	0.0	0.0	192.0	0.0	0.0	0.0	0.0	79.5	47.36	0.0	0.0
2026-05-01 20:55	26.389	23.0	8.533	1003.286	0.0	0.0	192.0	0.0	0.0	0.0	0.0	79.5	47.36	0.0	0.0
2026-05-01 20:56	26.278	23.0	8.444	1003.387	0.0	0.0	192.0	0.0	0.0	0.0	0.0	79.3	47.2	0.0	0.0
2026-05-01 20:57	26.278	23.0	8.444	1003.387	0.0	0.0	192.0	0.0	0.0	0.0	0.0	79.3	47.2	0.0	0.0
2026-05-01 20:58	26.222	23.0	8.4	1003.184	0.0	0.0	192.0	0.0	0.0	0.0	0.0	79.2	47.12	0.0	0.0
2026-05-01 20:59	26.222	23.0	8.4	1003.286	0.0	0.0	176.0	0.0	0.0	0.0	0.0	79.2	47.12	0.0	0.0
2026-05-01 21:00	26.222	23.0	8.4	1003.387	0.0	0.0	182.0	0.0	0.0	0.0	0.0	79.2	47.12	0.0	0.0
2026-05-01 21:01	26.111	23.0	8.311	1003.184	0.0	0.0	168.0	0.0	0.0	0.0	0.0	79.0	46.96	0.0	0.0
2026-05-01 21:02	26.0	23.0	8.222	1003.489	0.0	0.0	176.0	0.0	0.0	0.0	0.0	78.8	46.8	0.0	0.0
2026-05-01 21:03	26.0	23.0	8.222	1003.387	0.0	0.0	187.0	0.0	0.0	0.0	0.0	78.8	46.8	0.0	0.0
2026-05-01 21:04	26.0	23.0	8.222	1003.387	0.0	0.0	186.0	0.0	0.0	0.0	0.0	78.8	46.8	0.0	0.0
2026-05-01 21:05	26.0	24.0	8.683	1003.489	0.0	0.0	187.0	0.0	0.0	0.0	0.0	78.8	47.63	0.0	0.0
2026-05-01 21:06	25.889	24.0	8.594	1003.387	0.0	0.0	186.0	0.0	0.0	0.0	0.0	78.6	47.47	0.0	0.0
2026-05-01 21:07	25.889	24.0	8.594	1003.286	0.0	0.0	186.0	0.0	0.0	0.0	0.0	78.6	47.47	0.0	0.0
2026-05-01 21:08	25.778	24.0	8.506	1003.387	0.0	0.0	187.0	0.0	0.0	0.0	0.0	78.4	47.31	0.0	0.0
2026-05-01 21:09	25.778	24.0	8.506	1003.489	0.0	0.0	187.0	0.0	0.0	0.0	0.0	78.4	47.31	0.0	0.0
2026-05-01 21:10	25.778	24.0	8.506	1003.387	0.0	0.0	187.0	0.0	0.0	0.0	0.0	78.4	47.31	0.0	0.0
2026-05-01 21:11	25.778	24.0	8.506	1003.489	0.0	0.0	183.0	0.0	0.0	0.0	0.0	78.4	47.31	0.0	0.0
2026-05-01 21:12	25.722	24.0	8.456	1003.286	0.0	0.0	184.0	0.0	0.0	0.0	0.0	78.3	47.22	0.0	0.0
2026-05-01 21:13	25.722	24.0	8.456	1003.489	0.0	0.0	184.0	0.0	0.0	0.0	0.0	78.3	47.22	0.0	0.0
2026-05-01 21:14	25.611	24.0	8.367	1003.591	0.0	0.0	184.0	0.0	0.0	0.0	0.0	78.1	47.06	0.0	0.0
2026-05-01 21:15	25.611	24.0	8.367	1003.591	0.0	0.0	185.0	0.0	0.0	0.0	0.0	78.1	47.06	0.0	0.0
2026-05-01 21:16	25.611	24.0	8.367	1003.489	0.0	0.0	185.0	0.0	0.0	0.0	0.0	78.1	47.06	0.0	0.0
2026-05-01 21:17	25.5	24.0	8.278	1003.489	0.0	0.0	185.0	0.0	0.0	0.0	0.0	77.9	46.9	0.0	0.0
2026-05-01 21:18	25.5	24.0	8.278	1003.489	0.0	0.0	185.0	0.0	0.0	0.0	0.0	77.9	46.9	0.0	0.0
2026-05-01 21:19	25.389	24.0	8.189	1003.387	0.0	0.0	190.0	0.0	0.0	0.0	0.0	77.7	46.74	0.0	0.0
2026-05-01 21:20	25.389	24.0	8.189	1003.489	0.0	0.0	190.0	0.0	0.0	0.0	0.0	77.7	46.74	0.0	0.0
2026-05-01 21:21	25.389	24.0	8.189	1003.591	0.0	0.0	190.0	0.0	0.0	0.0	0.0	77.7	46.74	0.0	0.0
2026-05-01 21:22	25.389	24.0	8.189	1003.489	0.0	0.0	189.0	0.0	0.0	0.0	0.0	77.7	46.74	0.0	0.0
2026-05-01 21:23	25.278	24.0	8.094	1003.794	0.0	0.0	184.0	0.0	0.0	0.0	0.0	77.5	46.57	0.0	0.0
2026-05-01 21:24	25.278	24.0	8.094	1003.591	0.0	0.0	191.0	0.0	0.0	0.0	0.0	77.5	46.57	0.0	0.0
2026-05-01 21:25	25.222	24.0	8.05	1003.387	0.0	0.0	191.0	0.0	0.0	0.0	0.0	77.4	46.49	0.0	0.0
2026-05-01 21:26	25.222	24.0	8.05	1003.489	0.0	0.0	191.0	0.0	0.0	0.0	0.0	77.4	46.49	0.0	0.0
2026-05-01 21:27	25.222	25.0	8.494	1003.692	0.0	0.0	191.0	0.0	0.0	0.0	0.0	77.4	47.29	0.0	0.0
2026-05-01 21:28	25.222	25.0	8.494	1003.692	0.0	0.0	186.0	0.0	0.0	0.0	0.0	77.4	47.29	0.0	0.0
2026-05-01 21:29	25.111	25.0	8.406	1003.692	0.0	0.0	183.0	0.0	0.0	0.0	0.0	77.2	47.13	0.0	0.0
2026-05-01 21:30	25.111	25.0	8.406	1003.591	0.0	0.0	183.0	0.0	0.0	0.0	0.0	77.2	47.13	0.0	0.0
2026-05-01 21:31	25.111	25.0	8.406	1003.591	0.0	0.0	186.0	0.0	0.0	0.0	0.0	77.2	47.13	0.0	0.0
2026-05-01 21:32	25.111	25.0	8.406	1003.591	0.0	0.0	186.0	0.0	0.0	0.0	0.0	77.2	47.13	0.0	0.0
2026-05-01 21:33	25.0	25.0	8.311	1003.591	0.0	0.0	184.0	0.0	0.0	0.0	0.0	77.0	46.96	0.0	0.0
2026-05-01 21:34	25.0	25.0	8.311	1003.489	0.0	0.0	185.0	0.0	0.0	0.0	0.0	77.0	46.96	0.0	0.0
2026-05-01 21:35	25.0	25.0	8.311	1003.591	0.0	0.0	185.0	0.0	0.0	0.0	0.0	77.0	46.96	0.0	0.0
2026-05-01 21:36	25.0	25.0	8.311	1003.489	0.0	0.0	185.0	0.0	0.0	0.0	0.0	77.0	46.96	0.0	0.0
2026-05-01 21:37	25.0	25.0	8.311	1003.489	0.0	0.0	185.0	0.0	0.0	0.0	0.0	77.0	46.96	0.0	0.0
2026-05-01 21:38	25.0	25.0	8.311	1003.692	0.0	0.0	185.0	0.0	0.0	0.0	0.0	77.0	46.96	0.0	0.0
2026-05-01 21:39	25.0	25.0	8.311	1003.692	0.0	0.0	185.0	0.0	0.0	0.0	0.0	77.0	46.96	0.0	0.0
2026-05-01 21:40	24.889	25.0	8.222	1003.692	0.0	0.0	185.0	0.0	0.0	0.0	0.0	76.8	46.8	0.0	0.0
2026-05-01 21:41	24.889	25.0	8.222	1003.591	0.0	0.0	185.0	0.0	0.0	0.0	0.0	76.8	46.8	0.0	0.0
2026-05-01 21:42	24.889	25.0	8.222	1003.591	0.0	0.0	185.0	0.0	0.0	0.0	0.0	76.8	46.8	0.0	0.0
2026-05-01 21:43	24.889	25.0	8.222	1003.591	0.0	0.0	185.0	0.0	0.0	0.0	0.0	76.8	46.8	0.0	0.0
2026-05-01 21:44	24.889	25.0	8.222	1003.591	0.0	0.0	187.0	0.0	0.0	0.0	0.0	76.8	46.8	0.0	0.0
2026-05-01 21:45	24.778	25.0	8.128	1003.489	0.0	0.0	186.0	0.0	0.0	0.0	0.0	76.6	46.63	0.0	0.0
2026-05-01 21:46	24.778	25.0	8.128	1003.692	0.0	0.0	182.0	0.0	0.0	0.0	0.0	76.6	46.63	0.0	0.0
2026-05-01 21:47	24.722	25.0	8.083	1003.591	0.0	0.0	188.0	0.0	0.0	0.0	0.0	76.5	46.55	0.0	0.0
2026-05-01 21:48	24.722	25.0	8.083	1003.692	0.0	0.0	189.0	0.0	0.0	0.0	0.0	76.5	46.55	0.0	0.0
2026-05-01 21:49	24.722	25.0	8.083	1003.692	0.0	0.0	189.0	0.0	0.0	0.0	0.0	76.5	46.55	0.0	0.0
2026-05-01 21:50	24.722	25.0	8.083	1003.591	0.0	0.0	189.0	0.0	0.0	0.0	0.0	76.5	46.55	0.0	0.0
2026-05-01 21:51	24.722	25.0	8.083	1003.591	0.0	0.0	189.0	0.0	0.0	0.0	0.0	76.5	46.55	0.0	0.0
2026-05-01 21:52	24.722	25.0	8.083	1003.591	0.0	0.0	189.0	0.0	0.0	0.0	0.0	76.5	46.55	0.0	0.0
2026-05-01 21:53	24.611	25.0	7.994	1003.591	0.0	0.0	190.0	0.0	0.0	0.0	0.0	76.3	46.39	0.0	0.0
2026-05-01 21:54	24.611	25.0	7.994	1003.591	0.0	0.0	190.0	0.0	0.0	0.0	0.0	76.3	46.39	0.0	0.0
2026-05-01 21:55	24.611	25.0	7.994	1003.692	0.0	0.0	190.0	0.0	0.0	0.0	0.0	76.3	46.39	0.0	0.0
2026-05-01 21:56	24.611	25.0	7.994	1003.692	0.0	0.0	190.0	0.0	0.0	0.0	0.0	76.3	46.39	0.0	0.0
2026-05-01 21:57	24.5	25.0	7.9	1003.895	0.0	0.0	190.0	0.0	0.0	0.0	0.0	76.1	46.22	0.0	0.0
2026-05-01 21:58	24.5	25.0	7.9	1003.591	0.0	0.0	190.0	0.0	0.0	0.0	0.0	76.1	46.22	0.0	0.0
2026-05-01 21:59	24.5	25.0	7.9	1003.692	0.0	0.0	190.0	0.0	0.0	0.0	0.0	76.1	46.22	0.0	0.0
2026-05-01 22:00	24.5	25.0	7.9	1003.692	0.0	0.0	190.0	0.0	0.0	0.0	0.0	76.1	46.22	0.0	0.0
2026-05-01 22:01	24.389	25.0	7.811	1003.692	0.0	0.0	180.0	0.0	0.0	0.0	0.0	75.9	46.06	0.0	0.0
2026-05-01 22:02	24.389	25.0	7.811	1003.794	0.0	0.0	186.0	0.0	0.0	0.0	0.0	75.9	46.06	0.0	0.0
2026-05-01 22:03	24.389	25.0	7.811	1003.692	0.0	0.0	188.0	0.0	0.0	0.0	0.0	75.9	46.06	0.0	0.0
2026-05-01 22:04	24.389	25.0	7.811	1003.591	0.0	0.0	188.0	0.0	0.0	0.0	0.0	75.9	46.06	0.0	0.0
2026-05-01 22:05	24.278	25.0	7.722	1003.692	0.0	0.0	188.0	0.0	0.0	0.0	0.0	75.7	45.9	0.0	0.0
2026-05-01 22:06	24.222	25.0	7.672	1003.489	0.0	0.0	188.0	0.0	0.0	0.0	0.0	75.6	45.81	0.0	0.0
2026-05-01 22:07	24.222	26.0	8.1	1003.794	0.0	0.0	188.0	0.0	0.0	0.0	0.0	75.6	46.58	0.0	0.0
2026-05-01 22:08	24.222	26.0	8.1	1003.794	0.0	0.0	189.0	0.0	0.0	0.0	0.0	75.6	46.58	0.0	0.0
2026-05-01 22:09	24.222	26.0	8.1	1003.591	0.0	0.0	189.0	0.0	0.0	0.0	0.0	75.6	46.58	0.0	0.0
2026-05-01 22:10	24.111	26.0	8.006	1003.591	0.0	0.0	189.0	0.0	0.0	0.0	0.0	75.4	46.41	0.0	0.0
2026-05-01 22:11	24.111	26.0	8.006	1003.895	0.0	0.0	189.0	0.0	0.0	0.0	0.0	75.4	46.41	0.0	0.0
2026-05-01 22:12	24.111	26.0	8.006	1003.794	0.0	0.0	189.0	0.0	0.0	0.0	0.0	75.4	46.41	0.0	0.0
2026-05-01 22:13	24.0	26.0	7.917	1004.098	0.0	0.0	189.0	0.0	0.0	0.0	0.0	75.2	46.25	0.0	0.0
2026-05-01 22:14	24.0	26.0	7.917	1003.692	0.0	0.0	189.0	0.0	0.0	0.0	0.0	75.2	46.25	0.0	0.0
2026-05-01 22:15	24.0	26.0	7.917	1003.895	0.0	0.0	189.0	0.0	0.0	0.0	0.0	75.2	46.25	0.0	0.0
2026-05-01 22:16	24.0	26.0	7.917	1003.794	0.0	0.0	189.0	0.0	0.0	0.0	0.0	75.2	46.25	0.0	0.0
2026-05-01 22:17	23.889	26.0	7.822	1003.794	0.0	0.0	189.0	0.0	0.0	0.0	0.0	75.0	46.08	0.0	0.0
2026-05-01 22:18	23.889	26.0	7.822	1003.794	0.0	0.0	189.0	0.0	0.0	0.0	0.0	75.0	46.08	0.0	0.0
2026-05-01 22:19	23.889	26.0	7.822	1003.692	0.0	0.0	189.0	0.0	0.0	0.0	0.0	75.0	46.08	0.0	0.0
2026-05-01 22:20	23.778	27.0	8.144	1003.997	0.0	0.0	189.0	0.0	0.0	0.0	0.0	74.8	46.66	0.0	0.0
2026-05-01 22:21	23.778	27.0	8.144	1003.895	0.0	0.0	189.0	0.0	0.0	0.0	0.0	74.8	46.66	0.0	0.0
2026-05-01 22:22	23.778	27.0	8.144	1003.794	0.0	0.0	189.0	0.0	0.0	0.0	0.0	74.8	46.66	0.0	0.0
2026-05-01 22:23	23.722	27.0	8.094	1003.895	0.0	0.0	194.0	0.0	0.0	0.0	0.0	74.7	46.57	0.0	0.0
2026-05-01 22:24	23.722	27.0	8.094	1003.997	0.0	0.0	196.0	0.0	0.0	0.0	0.0	74.7	46.57	0.0	0.0
2026-05-01 22:25	23.722	27.0	8.094	1003.997	0.0	0.0	196.0	0.0	0.0	0.0	0.0	74.7	46.57	0.0	0.0
2026-05-01 22:26	23.722	27.0	8.094	1003.997	0.0	0.0	196.0	0.0	0.0	0.0	0.0	74.7	46.57	0.0	0.0
2026-05-01 22:27	23.611	27.0	8.006	1004.098	0.0	0.0	196.0	0.0	0.0	0.0	0.0	74.5	46.41	0.0	0.0
2026-05-01 22:28	23.611	27.0	8.006	1003.895	0.0	0.0	196.0	0.0	0.0	0.0	0.0	74.5	46.41	0.0	0.0
2026-05-01 22:29	23.5	27.0	7.911	1003.895	0.0	0.0	196.0	0.0	0.0	0.0	0.0	74.3	46.24	0.0	0.0
2026-05-01 22:30	23.5	27.0	7.911	1003.997	0.0	0.0	196.0	0.0	0.0	0.0	0.0	74.3	46.24	0.0	0.0
2026-05-01 22:31	23.5	27.0	7.911	1003.895	0.0	0.0	196.0	0.0	0.0	0.0	0.0	74.3	46.24	0.0	0.0
2026-05-01 22:32	23.5	27.0	7.911	1003.895	0.0	0.0	196.0	0.0	0.0	0.0	0.0	74.3	46.24	0.0	0.0
2026-05-01 22:33	23.5	27.0	7.911	1003.794	0.0	0.0	181.0	0.0	0.0	0.0	0.0	74.3	46.24	0.0	0.0
2026-05-01 22:34	23.389	27.0	7.817	1003.997	0.0	0.0	183.0	0.0	0.0	0.0	0.0	74.1	46.07	0.0	0.0
2026-05-01 22:35	23.389	27.0	7.817	1003.997	0.0	0.0	184.0	0.0	0.0	0.0	0.0	74.1	46.07	0.0	0.0
2026-05-01 22:36	23.278	27.0	7.728	1004.098	0.0	0.0	184.0	0.0	0.0	0.0	0.0	73.9	45.91	0.0	0.0
2026-05-01 22:37	23.278	27.0	7.728	1003.997	0.0	0.0	184.0	0.0	0.0	0.0	0.0	73.9	45.91	0.0	0.0
2026-05-01 22:38	23.278	27.0	7.728	1004.098	0.0	0.0	184.0	0.0	0.0	0.0	0.0	73.9	45.91	0.0	0.0
2026-05-01 22:39	23.222	27.0	7.678	1003.997	0.0	0.0	183.0	0.0	0.0	0.0	0.0	73.8	45.82	0.0	0.0
2026-05-01 22:40	23.222	27.0	7.678	1004.098	0.0	0.0	183.0	0.0	0.0	0.0	0.0	73.8	45.82	0.0	0.0
2026-05-01 22:41	23.222	27.0	7.678	1003.997	0.0	0.0	183.0	0.0	0.0	0.0	0.0	73.8	45.82	0.0	0.0
2026-05-01 22:42	23.222	27.0	7.678	1003.895	0.0	0.0	183.0	0.0	0.0	0.0	0.0	73.8	45.82	0.0	0.0
2026-05-01 22:43	23.222	27.0	7.678	1003.895	0.098	0.501	185.0	0.0	0.0	0.0	0.0	73.8	45.82	0.22	1.12
2026-05-01 22:44	23.111	27.0	7.589	1003.794	0.0	0.0	183.0	0.0	0.0	0.0	0.0	73.6	45.66	0.0	0.0
2026-05-01 22:45	23.111	28.0	7.983	1003.895	0.098	0.501	167.0	0.0	0.0	0.0	0.0	73.6	46.37	0.22	1.12
2026-05-01 22:46	23.111	27.0	7.589	1003.997	0.0	0.0	181.0	0.0	0.0	0.0	0.0	73.6	45.66	0.0	0.0
2026-05-01 22:47	23.111	28.0	7.983	1003.794	0.0	0.0	183.0	0.0	0.0	0.0	0.0	73.6	46.37	0.0	0.0
2026-05-01 22:48	23.111	28.0	7.983	1003.997	0.0	0.0	183.0	0.0	0.0	0.0	0.0	73.6	46.37	0.0	0.0
2026-05-01 22:49	23.0	28.0	7.889	1003.895	0.0	0.0	184.0	0.0	0.0	0.0	0.0	73.4	46.2	0.0	0.0
2026-05-01 22:50	23.0	28.0	7.889	1004.098	0.3	0.501	187.0	0.0	0.0	0.0	0.0	73.4	46.2	0.67	1.12
2026-05-01 22:51	23.0	28.0	7.889	1003.997	0.098	0.501	190.0	0.0	0.0	0.0	0.0	73.4	46.2	0.22	1.12
2026-05-01 22:52	22.889	28.0	7.794	1003.895	0.201	0.501	194.0	0.0	0.0	0.0	0.0	73.2	46.03	0.45	1.12
2026-05-01 22:53	22.889	28.0	7.794	1003.997	0.098	0.501	194.0	0.0	0.0	0.0	0.0	73.2	46.03	0.22	1.12
2026-05-01 22:54	22.889	28.0	7.794	1004.098	0.0	0.0	204.0	0.0	0.0	0.0	0.0	73.2	46.03	0.0	0.0
2026-05-01 22:55	22.889	28.0	7.794	1003.997	0.0	0.0	201.0	0.0	0.0	0.0	0.0	73.2	46.03	0.0	0.0
2026-05-01 22:56	22.889	28.0	7.794	1004.2	0.0	0.0	201.0	0.0	0.0	0.0	0.0	73.2	46.03	0.0	0.0
2026-05-01 22:57	22.778	28.0	7.706	1003.895	0.0	0.0	200.0	0.0	0.0	0.0	0.0	73.0	45.87	0.0	0.0
2026-05-01 22:58	22.778	28.0	7.706	1003.997	0.0	0.0	186.0	0.0	0.0	0.0	0.0	73.0	45.87	0.0	0.0
2026-05-01 22:59	22.778	28.0	7.706	1003.895	0.0	0.0	185.0	0.0	0.0	0.0	0.0	73.0	45.87	0.0	0.0
2026-05-01 23:00	22.778	28.0	7.706	1003.895	0.0	0.0	186.0	0.0	0.0	0.0	0.0	73.0	45.87	0.0	0.0
2026-05-01 23:01	22.778	28.0	7.706	1003.895	0.0	0.0	183.0	0.0	0.0	0.0	0.0	73.0	45.87	0.0	0.0
2026-05-01 23:02	22.778	28.0	7.706	1004.098	0.0	0.0	183.0	0.0	0.0	0.0	0.0	73.0	45.87	0.0	0.0
2026-05-01 23:03	22.778	28.0	7.706	1003.997	0.0	0.0	183.0	0.0	0.0	0.0	0.0	73.0	45.87	0.0	0.0
2026-05-01 23:04	22.778	28.0	7.706	1003.794	0.0	0.0	183.0	0.0	0.0	0.0	0.0	73.0	45.87	0.0	0.0
2026-05-01 23:05	22.722	28.0	7.656	1004.098	0.0	0.0	183.0	0.0	0.0	0.0	0.0	72.9	45.78	0.0	0.0
2026-05-01 23:06	22.722	28.0	7.656	1004.098	0.0	0.0	179.0	0.0	0.0	0.0	0.0	72.9	45.78	0.0	0.0
2026-05-01 23:07	22.722	28.0	7.656	1004.098	0.0	0.0	181.0	0.0	0.0	0.0	0.0	72.9	45.78	0.0	0.0
2026-05-01 23:08	22.722	28.0	7.656	1004.2	0.0	0.0	181.0	0.0	0.0	0.0	0.0	72.9	45.78	0.0	0.0
2026-05-01 23:09	22.722	28.0	7.656	1003.997	0.0	0.0	181.0	0.0	0.0	0.0	0.0	72.9	45.78	0.0	0.0
2026-05-01 23:10	22.722	28.0	7.656	1003.997	0.0	0.0	181.0	0.0	0.0	0.0	0.0	72.9	45.78	0.0	0.0
2026-05-01 23:11	22.611	28.0	7.567	1004.098	0.0	0.0	181.0	0.0	0.0	0.0	0.0	72.7	45.62	0.0	0.0
2026-05-01 23:12	22.611	28.0	7.567	1004.2	0.0	0.0	181.0	0.0	0.0	0.0	0.0	72.7	45.62	0.0	0.0
2026-05-01 23:13	22.611	29.0	7.944	1004.2	0.0	0.0	181.0	0.0	0.0	0.0	0.0	72.7	46.3	0.0	0.0
2026-05-01 23:14	22.611	29.0	7.944	1004.2	0.0	0.0	181.0	0.0	0.0	0.0	0.0	72.7	46.3	0.0	0.0
2026-05-01 23:15	22.611	29.0	7.944	1004.2	0.0	0.0	181.0	0.0	0.0	0.0	0.0	72.7	46.3	0.0	0.0
2026-05-01 23:16	22.5	29.0	7.85	1004.2	0.0	0.0	181.0	0.0	0.0	0.0	0.0	72.5	46.13	0.0	0.0
2026-05-01 23:17	22.5	29.0	7.85	1004.302	0.0	0.0	181.0	0.0	0.0	0.0	0.0	72.5	46.13	0.0	0.0
2026-05-01 23:18	22.5	29.0	7.85	1004.302	0.0	0.0	182.0	0.0	0.0	0.0	0.0	72.5	46.13	0.0	0.0
2026-05-01 23:19	22.5	29.0	7.85	1004.302	0.0	0.0	182.0	0.0	0.0	0.0	0.0	72.5	46.13	0.0	0.0
2026-05-01 23:20	22.5	29.0	7.85	1004.302	0.0	0.0	182.0	0.0	0.0	0.0	0.0	72.5	46.13	0.0	0.0
2026-05-01 23:21	22.5	29.0	7.85	1004.302	0.0	0.0	182.0	0.0	0.0	0.0	0.0	72.5	46.13	0.0	0.0
2026-05-01 23:22	22.389	29.0	7.756	1004.505	0.0	0.0	186.0	0.0	0.0	0.0	0.0	72.3	45.96	0.0	0.0
2026-05-01 23:23	22.389	29.0	7.756	1004.098	0.599	1.001	217.0	0.0	0.0	0.0	0.0	72.3	45.96	1.34	2.24
2026-05-01 23:24	22.389	29.0	7.756	1004.2	0.599	1.001	204.0	0.0	0.0	0.0	0.0	72.3	45.96	1.34	2.24
2026-05-01 23:25	22.278	29.0	7.667	1004.302	0.501	0.501	207.0	0.0	0.0	0.0	0.0	72.1	45.8	1.12	1.12
2026-05-01 23:26	22.278	29.0	7.667	1004.505	0.3	0.501	198.0	0.0	0.0	0.0	0.0	72.1	45.8	0.67	1.12
2026-05-01 23:27	22.278	29.0	7.667	1004.302	0.0	0.0	198.0	0.0	0.0	0.0	0.0	72.1	45.8	0.0	0.0
2026-05-01 23:28	22.278	28.0	7.283	1004.403	0.0	0.0	198.0	0.0	0.0	0.0	0.0	72.1	45.11	0.0	0.0
2026-05-01 23:29	22.278	28.0	7.283	1004.606	0.0	0.0	197.0	0.0	0.0	0.0	0.0	72.1	45.11	0.0	0.0
2026-05-01 23:30	22.278	29.0	7.667	1004.403	0.0	0.0	197.0	0.0	0.0	0.0	0.0	72.1	45.8	0.0	0.0
2026-05-01 23:31	22.278	29.0	7.667	1004.403	0.098	0.501	185.0	0.0	0.0	0.0	0.0	72.1	45.8	0.22	1.12
2026-05-01 23:32	22.278	29.0	7.667	1004.302	0.0	0.0	184.0	0.0	0.0	0.0	0.0	72.1	45.8	0.0	0.0
2026-05-01 23:33	22.278	29.0	7.667	1004.403	0.0	0.0	183.0	0.0	0.0	0.0	0.0	72.1	45.8	0.0	0.0
2026-05-01 23:34	22.222	28.0	7.239	1004.505	0.0	0.0	179.0	0.0	0.0	0.0	0.0	72.0	45.03	0.0	0.0
2026-05-01 23:35	22.222	29.0	7.617	1004.403	0.0	0.0	180.0	0.0	0.0	0.0	0.0	72.0	45.71	0.0	0.0
2026-05-01 23:36	22.222	29.0	7.617	1004.302	0.0	0.0	180.0	0.0	0.0	0.0	0.0	72.0	45.71	0.0	0.0
2026-05-01 23:37	22.222	28.0	7.239	1004.302	0.0	0.0	180.0	0.0	0.0	0.0	0.0	72.0	45.03	0.0	0.0
2026-05-01 23:38	22.222	28.0	7.239	1004.302	0.0	0.0	180.0	0.0	0.0	0.0	0.0	72.0	45.03	0.0	0.0
2026-05-01 23:39	22.111	29.0	7.522	1004.2	0.0	0.0	180.0	0.0	0.0	0.0	0.0	71.8	45.54	0.0	0.0
2026-05-01 23:40	22.111	29.0	7.522	1004.302	0.0	0.0	180.0	0.0	0.0	0.0	0.0	71.8	45.54	0.0	0.0
2026-05-01 23:41	22.111	29.0	7.522	1004.2	0.0	0.0	180.0	0.0	0.0	0.0	0.0	71.8	45.54	0.0	0.0
2026-05-01 23:42	22.111	29.0	7.522	1004.302	0.398	0.501	200.0	0.0	0.0	0.0	0.0	71.8	45.54	0.89	1.12
2026-05-01 23:43	22.111	29.0	7.522	1004.302	0.398	0.501	205.0	0.0	0.0	0.0	0.0	71.8	45.54	0.89	1.12
2026-05-01 23:44	22.0	29.0	7.433	1004.098	0.0	0.0	201.0	0.0	0.0	0.0	0.0	71.6	45.38	0.0	0.0
2026-05-01 23:45	22.0	29.0	7.433	1004.302	0.0	0.0	199.0	0.0	0.0	0.0	0.0	71.6	45.38	0.0	0.0
2026-05-01 23:46	22.0	29.0	7.433	1004.302	0.0	0.0	199.0	0.0	0.0	0.0	0.0	71.6	45.38	0.0	0.0
2026-05-01 23:47	22.0	29.0	7.433	1004.403	0.0	0.0	198.0	0.0	0.0	0.0	0.0	71.6	45.38	0.0	0.0
2026-05-01 23:48	22.0	29.0	7.433	1004.403	0.0	0.0	198.0	0.0	0.0	0.0	0.0	71.6	45.38	0.0	0.0
2026-05-01 23:49	21.889	29.0	7.339	1004.505	0.0	0.0	198.0	0.0	0.0	0.0	0.0	71.4	45.21	0.0	0.0
2026-05-01 23:50	21.889	29.0	7.339	1004.403	0.098	0.501	198.0	0.0	0.0	0.0	0.0	71.4	45.21	0.22	1.12
2026-05-01 23:51	21.889	29.0	7.339	1004.505	0.398	0.501	203.0	0.0	0.0	0.0	0.0	71.4	45.21	0.89	1.12
2026-05-01 23:52	21.889	29.0	7.339	1004.505	0.501	0.501	201.0	0.0	0.0	0.0	0.0	71.4	45.21	1.12	1.12
2026-05-01 23:53	21.889	29.0	7.339	1004.505	0.599	1.001	200.0	0.0	0.0	0.0	0.0	71.4	45.21	1.34	2.24
2026-05-01 23:54	21.889	29.0	7.339	1004.606	0.599	1.001	198.0	0.0	0.0	0.0	0.0	71.4	45.21	1.34	2.24
2026-05-01 23:55	21.889	29.0	7.339	1004.505	1.001	1.001	222.0	0.0	0.0	0.0	0.0	71.4	45.21	2.24	2.24
2026-05-01 23:56	21.889	28.0	6.961	1004.505	0.702	1.001	205.0	0.0	0.0	0.0	0.0	71.4	44.53	1.57	2.24
2026-05-01 23:57	21.889	28.0	6.961	1004.505	1.001	1.001	205.0	0.0	0.0	0.0	0.0	71.4	44.53	2.24	2.24
2026-05-01 23:58	21.889	28.0	6.961	1004.81	1.001	1.001	211.0	0.0	0.0	0.0	0.0	71.4	44.53	2.24	2.24
2026-05-01 23:59	21.889	28.0	6.961	1004.81	1.001	1.001	278.0	0	0.0	0.0	0.0	71.4	44.53	2.24	2.24
